q,m,s,nqs,1997,1998,1999,2000,2001,2002,2003,2004,2005,2006,2007,2008,2009,2010,2011,2012,2013
0,0,0.02,208617,12773904718.37072,12845249628.211615,13012474106.712822,13099979501.85812,13066380846.603626,13246915627.480942,12983770303.35737,12984121866.751526,12861470881.4448,12879039156.155924,13015268859.32447,13046973152.433247,13029195629.677885,13060465444.33952,13122212737.747055,13363813838.574629,13610272348.341597
1,0,0.02,2285,11261952289.807146,11478878285.194878,11770594449.902534,11976436150.245792,12432243563.551199,12942817794.448973,13055733606.632603,13062650292.42478,13229939126.937222,13663242272.309675,13462951568.625675,13427271711.951982,13622776898.819283,13988617100.210665,13900845936.820473,14171786764.852346,14463214629.920431
2,0,0.02,721,11089485134.492292,11376417903.63706,11723358842.28213,11984862635.224234,12306501662.415842,12501740517.933138,12617703802.222046,12877211712.829971,13609082578.164658,13928191004.46265,13832019754.615585,13860986160.123043,13766421405.888004,13822567296.722778,13970738818.321152,14177124336.49878,14333832896.905758
3,0,0.02,311,10553018892.786617,10874109002.529766,11312153217.04766,11579331323.432554,11888905912.188868,12413091880.377716,12858563018.976221,12810168661.889055,13565248292.63203,13942114637.308672,14385552940.160147,14087566895.23071,14103323004.707752,14388187111.338083,14808573854.554836,14646835067.437346,14313494707.59644
4,0,0.02,159,9705409166.134455,10413445635.49964,10987243374.18563,11853641116.835611,12404212460.826492,12217070828.979654,12931654919.639122,12887353915.112616,13504868054.939959,13689883170.376253,13912975161.61153,13937524633.109388,14326544235.060633,14257633662.745214,14419748762.083769,14374111076.937717,14255125925.71079
5,0,0.02,83,10094685949.797653,10636385869.02509,11174582503.308598,11759900681.692856,11759900681.692856,12092769919.328089,12572954939.356928,13279784925.169954,13072526967.796925,13065427245.793228,13036302462.269623,13155539045.960007,13155539045.960007,14205151596.652744,13913688388.709417,15938198103.205322,18759502198.91774
6,0,0.02,50,11780982678.268963,11836831776.179081,13222101658.430927,14165025363.330889,13977583485.634146,14165025363.330889,14551093226.484781,14551093226.484781,14551093226.484781,14551093226.484781,13771279989.50394,12614508970.678434,12614508970.678434,11915776670.618805,11673745151.09226,11673745151.09226,11590832769.67761
7,0,0.02,17,9954471531.755615,9954471531.755615,9954471531.755615,10783054459.990932,11521066624.047457,12640106392.53906,12640106392.53906,12640106392.53906,12640106392.53906,14287597704.221972,14287597704.221972,14287597704.221972,14287597704.221972,14287597704.221972,14287597704.221972,14287597704.221972,14287597704.221972
8,0,0.02,7,6721044499.970051,6721044499.970051,6721044499.970051,9030897933.723848,9030897933.723848,9030897933.723848,9030897933.723848,9030897933.723848,9030897933.723848,9030897933.723848,9030897933.723848,9030897933.723848,17423880047.125046,17423880047.125046,17423880047.125046,17423880047.125046,17423880047.125046
9,0,0.02,2,15428801152.90002,15428801152.90002,15428801152.90002,15428801152.90002,15428801152.90002,15428801152.90002,15428801152.90002,15428801152.90002,15428801152.90002,15428801152.90002,15428801152.90002,15428801152.90002,15428801152.90002,15428801152.90002,15428801152.90002,15428801152.90002,15428801152.90002
0,0,0.05,208149,12017057235.606869,11957843061.527927,12004451606.065556,11991117045.422106,11993086582.444654,12080452932.355785,11946263682.16912,11924196902.28191,11789591863.993404,11759649300.646273,11837337465.532862,11747344795.417957,11734973599.512058,11869420409.228003,12007649109.798832,12133553452.400265,12343925201.33447
1,0,0.05,2523,10521511194.196938,10689288465.485418,10976226213.363972,11190549919.05631,11527567441.375753,11704391572.155,11835581762.649418,12096171797.110233,12292363598.82373,12290437802.228243,12492505826.663185,12369137257.576183,12451203651.192183,12537303941.531702,12731653048.56385,12780310209.020704,12769210536.49583
2,0,0.05,825,9675259714.632755,10019369746.411154,10536133947.177822,10915182223.06731,11243235321.699036,11587390689.196371,11915148041.788597,12097379241.594767,12759720606.656212,12415460700.294447,12678842607.971539,12455637597.053703,12521776456.519966,12552443570.307047,12896389546.98452,13231660275.738594,13487140085.409288
3,0,0.05,359,9273275690.303148,9584209084.478592,10046030100.522081,9913306186.618498,10506100953.26636,11129618344.182844,11406314317.518475,11790566051.814278,12157870669.695543,12426311119.062088,13033323695.992361,13357491422.685219,13511749151.875305,14030538116.834661,14060368837.92119,13919680401.060242,13175115007.69862
4,0,0.05,188,9149376655.374899,9731549585.93156,10108083594.872288,10400303207.763186,10867522638.17799,10806381882.752476,11359452694.296814,11537244975.984457,12588911366.402388,12481196411.389063,12827809262.966097,12982935250.770891,13312422791.060873,13227235579.774412,13992878724.244583,13992991381.587223,13974392628.474792
5,0,0.05,103,9043895029.745325,9216115956.149939,9407882258.954067,10549767363.759838,10814565177.26147,11474847133.982552,12283374028.837296,12567900151.279655,12664492016.891487,12592166240.915558,12552007432.024885,12108250399.606833,12158844985.221128,12851391207.659945,13082094581.036854,12967203155.016508,15986921487.554018
6,0,0.05,53,9617019589.693274,9727263572.027857,10435285945.116209,11035194934.053102,11347362816.662418,11500597741.567127,12053971726.372494,12434316559.883457,13131522611.833511,13131522611.833511,12490751309.742912,12490751309.742912,12490751309.742912,12490751309.742912,11967917697.479969,11967917697.479969,11899764653.871214
7,0,0.05,33,8283644346.863812,8283644346.863812,9548794282.388401,11102601295.522337,11806406506.786829,11840613459.578863,12226681322.732756,12226681322.732756,12970234416.390617,12996628001.829489,12985966886.622559,12985966886.622559,12985966886.622559,12508268313.03325,12497607197.82632,12497607197.82632,12497607197.82632
8,0,0.05,10,10716373705.470627,10716373705.470627,10716373705.470627,10716373705.470627,10716373705.470627,10716373705.470627,10716373705.470627,10716373705.470627,10716373705.470627,10716373705.470627,10716373705.470627,10716373705.470627,10716373705.470627,10716373705.470627,10716373705.470627,10716373705.470627,10716373705.470627
9,0,0.05,9,9117029745.22443,9117029745.22443,9265901092.582672,11575754526.336468,11575754526.336468,11575754526.336468,11575754526.336468,11575754526.336468,11575754526.336468,11575754526.336468,11575754526.336468,11575754526.336468,19968736639.737663,19968736639.737663,19968736639.737663,19968736639.737663,19968736639.737663
0,0,0.1,208609,12802763215.562857,12847157124.085335,12951780461.463236,12892310663.52575,12877116991.815786,13106530832.550611,12934745770.683165,12808748039.161146,12730794654.189005,12726348136.623146,12779030744.391233,12707658396.418491,12601440942.441921,12784891278.311378,12998628463.837715,13133692686.303469,13512051640.200624
1,0,0.1,2302,11120606416.396908,11547268878.309824,11776584665.088276,12137329794.285864,12389862024.592743,12873639297.478125,12911259568.821196,12981190198.353907,13135848419.205029,13180641826.163054,13425681167.250038,13386346002.013475,13546723389.67805,13727546243.973299,13807104851.763563,13747216870.468117,13785448554.73174
2,0,0.1,698,10749280256.215769,10987873390.321976,11452306487.312199,11791235563.55118,12077858639.631037,12382483756.808699,12619633806.337626,12952791497.46168,13515226962.027449,13510896633.62828,13686489764.165508,13796318416.420002,13938958454.361393,13881106312.53482,14204298491.123749,14300911079.009708,14035461806.016342
3,0,0.1,316,9942793992.40408,10441935129.163105,10829671048.791914,10866192429.700748,11602994837.78729,12045904560.321056,12423214268.279764,12636413966.580809,13114058761.078579,13352273894.047585,14342338381.40939,14508452597.602156,14359405396.527164,14706139567.302755,14782025349.736088,15129161758.52067,14691260926.39133
4,0,0.1,161,9801638964.311953,10631890743.729528,11185524025.624147,11553081762.392893,12177094705.527172,11860486630.86985,12397272530.345335,12569239978.224773,13610412726.469612,13830661562.667542,13820099573.871788,13986436937.868288,14330993746.220331,14291823428.818954,14762566542.366083,14492174904.821737,14402042778.998236
5,0,0.1,85,9377570120.910847,9963373589.41725,10406921317.347479,10942649147.269693,11103436929.289017,11592738998.320343,11963891593.922678,12970614819.499622,12859948727.738424,13187192995.215548,13094704691.703499,13277304795.382324,13611711728.392422,15596923890.160358,15272788379.429142,17433899076.701405,17183145929.413822
6,0,0.1,49,9791616013.4696,10107557733.444317,11427527341.746498,12132834855.145573,13100399860.261023,13100399860.261023,13760315960.580204,13760315960.580204,13934837358.730797,13934837358.730797,13924176243.523867,13834639742.017895,13834639742.017895,13774969744.139757,13603269337.69828,13532938224.613213,13450025843.198563
7,0,0.1,22,9625689991.079527,9625689991.079527,9799427308.092554,10662217189.119904,10628010236.32787,11781256957.611507,11781256957.611507,11781256957.611507,15265599244.07696,15265599244.07696,14568031885.073404,14568031885.073404,14568031885.073404,14568031885.073404,14568031885.073404,14568031885.073404,14568031885.073404
8,0,0.1,8,10349434607.243975,10349434607.243975,10498305954.602219,12808159388.356016,12808159388.356016,12808159388.356016,12808159388.356016,12808159388.356016,12808159388.356016,12808159388.356016,12808159388.356016,12808159388.356016,12808159388.356016,12808159388.356016,12808159388.356016,12808159388.356016,12808159388.356016
9,0,0.1,2,13691175080.472324,13691175080.472324,13691175080.472324,13691175080.472324,13691175080.472324,13691175080.472324,13691175080.472324,13691175080.472324,13691175080.472324,13691175080.472324,13691175080.472324,13691175080.472324,13691175080.472324,13691175080.472324,13691175080.472324,13691175080.472324,13691175080.472324
0,0,0.25,208398,12265283425.476357,12387522515.884495,12519649470.62789,12542154106.988768,12509144675.354523,12583482977.371164,12438080215.42586,12434965260.524153,12440582848.49691,12399456026.076242,12520569215.724731,12560222125.37553,12451615641.781384,12571093078.044565,12611481540.583408,12904250802.553408,13078447227.49568
1,0,0.25,2413,11045521430.099043,11351142268.960989,11724827008.912537,11905354362.049685,12216622892.510277,12606326668.790257,12795706859.757391,12769223101.57314,12951331934.925453,13323281981.182991,13466407388.632864,13297659994.885742,13443299663.63405,13492745147.97233,13655455278.460474,13526839895.236202,13745167721.26519
2,0,0.25,758,11163355262.949015,11123022620.869238,11761608876.709028,11988272859.039843,12262070306.99688,12479520715.906345,12505850306.44585,12789089173.256292,13538584474.709705,13626203072.875713,13257983172.69803,13532209076.856485,13781453964.450762,13626514392.034718,14195874078.163084,14242988154.17721,14079307117.206373
3,0,0.25,341,9850037645.023146,10292259281.240698,10585587831.21327,10706781047.212013,11315829298.397863,12051266294.39056,12423279027.84979,12607996623.1696,13128456040.289995,13298818159.276205,13678415901.08482,13770274700.418396,13962720519.244549,14526254153.370012,15091906718.400537,15501513854.63148,15318704757.195219
4,0,0.25,166,10541958262.88015,10997265462.475876,11615472331.406475,12534057878.075819,12778581404.36647,12461973329.709146,12692792838.51167,12986246483.072433,13442837018.393433,13377398944.316036,13580992932.364307,13582268262.498274,13953883038.232666,13830282767.594713,13697574261.490177,13666743663.172491,13671613861.357632
5,0,0.25,89,9663241538.301208,9844489755.593555,10726892945.944885,11121199792.070217,11326175740.56226,12122252883.125088,12340748572.335533,13622290449.551819,13737629293.925102,13937533290.034649,13989862784.656025,14531012920.68716,14854140659.630451,15334743944.305882,15043280736.362553,15007195180.165962,17783932585.43504
6,0,0.25,50,11457563378.373549,11513412476.283665,11929971641.428688,12196730278.410578,13011060358.621313,13164295283.526024,13604473175.418873,13604473175.418873,14301679227.368923,14301679227.368923,13660907925.278326,13166401461.40764,13166401461.40764,12457008046.141083,12225637641.821468,14422833895.290318,14422833895.290318
7,0,0.25,26,10026020515.41345,10026020515.41345,10594774852.28599,12141576372.979614,12107369420.18758,13260616141.47122,14159494701.586767,14159494701.586767,14159494701.586767,14185888287.025639,12822031403.118422,12822031403.118422,12822031403.118422,12762361405.240282,12822031403.118422,12751700290.033354,12751700290.033354
8,0,0.25,9,8018456466.618902,8018456466.618902,8018456466.618902,8018456466.618902,8018456466.618902,8018456466.618902,8018456466.618902,8018456466.618902,10427993131.264055,10427993131.264055,10427993131.264055,10427993131.264055,18820975244.665253,18820975244.665253,18820975244.665253,18820975244.665253,18820975244.665253
9,0,0.25,2,11456681006.034271,11456681006.034271,11456681006.034271,11456681006.034271,11456681006.034271,15231165177.963907,11456681006.034271,15231165177.963907,15231165177.963907,15231165177.963907,15231165177.963907,15231165177.963907,15231165177.963907,15231165177.963907,15231165177.963907,15231165177.963907,15231165177.963907
0,0,0.5,207524,10517490612.431704,10517842879.81572,10572567452.048306,10587808080.31551,10612280461.917559,10649911477.046976,10519992476.205042,10449700755.476147,10314807067.882923,10263598417.082796,10299387417.169977,10295136313.04124,10291614220.510687,10344338859.081388,10341565172.996656,10696503773.679888,10909948722.314873
1,0,0.5,2868,9744070480.532835,9840841282.880695,10063282674.359783,10296130235.314812,10659938420.844646,10991017584.280699,11093111301.37661,11179899102.694586,11237697713.00066,11364040990.286377,11422485511.829098,11187847427.988464,11473837550.987282,11557440610.80346,11526845041.646664,11485483165.727219,11461751578.331837
2,0,0.5,959,9627172513.24866,9685138392.930222,10010770754.362957,10455037547.15849,11057412668.009584,11207565866.423132,11139002203.251831,11375417870.294952,11401671728.088966,11535253902.2169,11747078810.43651,11830222736.024849,11669368265.112856,11972317788.84933,12077968500.85442,12543451711.93657,12226264129.766333
3,0,0.5,430,9315807468.13456,9620004732.533516,9961639436.590515,10195336081.578323,10590968974.031563,11127719767.809883,11400135986.438974,11609239082.809967,12245262269.479094,12613015072.306559,12769863265.42215,12462602493.398787,12716816495.375256,12818273955.312405,12884135042.245523,13183765576.121986,13005015913.45964
4,0,0.5,220,9661616817.53959,10283597930.162857,10727489429.407856,11145780701.798897,11462160309.526348,11319459430.26193,11496726211.684929,11486116778.942947,12183453057.679424,12003675058.013512,12459679626.074703,12381859720.10029,12404475655.48539,12504160651.454874,12673771322.90208,12661774935.089827,12417721150.621323
5,0,0.5,121,8460840392.276253,8576596791.536549,9233668166.641443,9858151981.309437,10389439437.663786,10627939677.807026,11165531407.611086,11019272876.76864,12068353411.409924,12105001289.99384,11872150164.389257,12330560833.948076,12640350999.65742,12804029293.638962,13405881143.572222,13388163733.528778,13417160337.639027
6,0,0.5,70,8292172962.399501,8903205980.003435,9867805993.441395,10463617333.465532,10660320951.018673,11232057797.812485,11988018168.371372,13032258213.171614,13322118455.69549,13322118455.69549,13208594743.61831,13208594743.61831,13208594743.61831,13126729565.586672,12786714714.288105,14983910967.756956,18036366810.503433
7,0,0.5,36,8462135006.696821,8462135006.696821,9298136878.664667,10346459108.026806,10996154290.552341,11030361243.344376,12369417695.352772,12369417695.352772,13444223317.173073,13444223317.173073,12746655958.169516,12084391403.214695,13181046625.229643,13110715512.144575,13181046625.229643,13110715512.144575,13027803130.729925
8,0,0.5,16,9018558415.184904,9018558415.184904,9018558415.184904,10158995821.642426,10158995821.642426,11278035590.134031,11278035590.134031,11278035590.134031,13687572254.779184,15335063566.462093,15335063566.462093,15335063566.462093,15335063566.462093,15335063566.462093,15335063566.462093,15335063566.462093,15335063566.462093
9,0,0.5,8,13529893305.314528,13529893305.314528,13529893305.314528,13529893305.314528,13529893305.314528,13529893305.314528,13529893305.314528,13529893305.314528,13529893305.314528,13529893305.314528,10054876612.9828,10054876612.9828,10054876612.9828,10054876612.9828,10054876612.9828,10054876612.9828,10054876612.9828
0,1,0.02,208344,12130922966.458073,12274713841.29452,12365635336.992958,12211014327.421766,12283164222.37233,12428863488.589478,12288784800.772547,12323902690.166288,12184164924.180805,12061290327.066294,12120496786.963554,12041090660.624039,12005024173.385773,12095728671.73631,12218919170.324085,12366193578.874653,12689310103.410172
1,1,0.02,2412,10509736707.16094,10734330123.18883,11099727678.201843,11311454334.511126,11713791466.874868,12160554165.12604,12359626762.72276,12304722622.677227,12547216008.863846,12906142502.314959,13017262001.1799,12787562691.729168,12928645612.61948,12976307194.312712,12933148310.338938,12933955313.18289,12964071090.536644
2,1,0.02,782,10364502900.909092,10739509574.597351,11240287051.672098,11398815191.634373,11524016516.876268,11803961862.50783,12121394987.122738,12238018337.030535,12488792967.93216,13155381074.404633,12774234656.559425,12882951451.49666,12913838089.935171,12579952986.236015,13015574999.105839,13211383686.34128,13482855793.413582
3,1,0.02,351,9427182354.295956,9766619278.70727,10257488592.56603,10697419689.361307,11051362833.602262,11669891924.169666,11911021419.214523,12050191144.058609,12522576381.70632,12863207504.681044,13266082414.97481,13722228774.912458,13775880478.400055,13942218903.370079,14075524932.835285,14041539427.852707,13351512373.863037
4,1,0.02,182,8944534831.592035,9119335650.93354,9551036180.400412,10146571882.764189,10899227771.106602,11062490347.591446,11402988936.21596,11619402649.404879,12798998466.968649,12884752989.396603,13239566372.863392,13436870724.036041,13777041515.697935,13752382990.98502,14614598834.31111,14611318071.649292,14608792062.95103
5,1,0.02,95,8612143797.3296,9150925868.889532,10000318607.491085,10854749620.397419,11081779267.281511,11832169068.033728,12833362807.644463,12878188826.438528,13434647179.140741,13194949961.469097,12848854321.06465,13091559615.262821,13080280421.196016,13758593622.057222,14036248869.070963,13680696091.202782,13567976357.15069
6,1,0.02,49,10035662210.649706,9882427285.744995,10208561083.618784,11367609632.585854,11832001170.338741,12442277776.042065,12716126013.207352,12716126013.207352,13252421149.492186,13252421149.492186,13138897437.415007,12733927475.050293,12733927475.050293,11975624909.755667,11452791297.492725,13649987550.961575,13649987550.961575
7,1,0.02,25,9655605478.205654,9655605478.205654,10524040745.862518,10896197907.306587,11634210071.363111,11634210071.363111,11634210071.363111,11634210071.363111,11634210071.363111,13281701383.046022,12626072973.34929,12626072973.34929,12626072973.34929,12555741860.264223,12626072973.34929,12555741860.264223,12555741860.264223
8,1,0.02,8,11637181134.14378,11637181134.14378,11637181134.14378,11637181134.14378,11637181134.14378,11637181134.14378,11637181134.14378,11637181134.14378,11637181134.14378,11637181134.14378,11637181134.14378,11637181134.14378,11637181134.14378,11637181134.14378,11637181134.14378,11637181134.14378,11637181134.14378
9,1,0.02,4,11474889623.319613,11474889623.319613,11623760970.677856,13933614404.431652,13933614404.431652,13933614404.431652,13933614404.431652,13933614404.431652,13933614404.431652,13933614404.431652,13933614404.431652,13933614404.431652,13933614404.431652,13933614404.431652,13933614404.431652,13933614404.431652,13933614404.431652
0,1,0.05,208752,12981505383.340658,13263550923.319824,13321742955.148779,13249199140.643581,13283689524.9178,13415696757.992834,13215336076.154545,13191630294.84885,13130119607.340393,13144106477.452217,13294131818.938263,13186832207.7311,13271725315.544312,13362298212.1554,13590740529.703547,13736673774.371973,14134506708.048794
1,1,0.05,2257,11584136032.685919,11639691127.872683,12028532531.67716,12243176123.566349,12669271337.780472,13217297997.584274,13421489135.106352,13507381661.779478,13723959420.363981,13953421413.273523,13949782067.375984,13795577028.437876,13786625987.422981,14003222572.871468,14133138836.184895,14470705774.146748,14556970455.40602
2,1,0.05,673,10968620330.453873,11290221632.309958,11639291243.478647,12029304384.820284,12639750701.031982,13042436389.673218,13483475560.342314,13550189190.630526,13956530629.249914,14010097858.77439,13884874722.61859,13959999674.78314,13934382132.213623,14116662476.50445,14805165073.9097,14890437433.475271,14475405053.544361
3,1,0.05,301,11054717746.969822,11331468434.0428,11659435878.001858,11620655114.174294,11885628157.88695,12479273555.616598,12644741722.31339,12892734233.21606,13712455767.776571,14007347959.83515,14502933155.098232,14593357742.315516,14872995897.188786,14812037756.19914,14754233518.628914,15010132261.700197,14650288006.946388
4,1,0.05,150,10029432152.972101,10363328930.087114,10940606082.703394,11282503782.086386,12005147452.79897,12461608333.622423,12852816019.213726,12880578262.860249,13690216216.291492,14041630403.434284,14083397909.259907,14497626983.280888,15134311300.222498,15914211764.198858,15914211764.198858,15759650406.094236,15748402029.40088
5,1,0.05,70,11164228098.748642,11428014655.949238,12405621673.184078,13095278241.290234,13291981858.843372,13445216783.748081,13758508953.501427,14160004882.549694,14256596748.161526,14275343726.922977,14275343726.922977,14275343726.922977,14275343726.922977,13850957788.03283,13113717071.429514,12941030532.456568,12989582175.811808
6,1,0.05,32,9333016550.790703,9333016550.790703,9901770887.663244,10273928049.107311,11683676704.560392,11683676704.560392,12968623127.82983,12968623127.82983,13712176221.48769,15359667533.1706,15359667533.1706,15359667533.1706,15359667533.1706,15289336420.085533,15359667533.1706,15289336420.085533,15289336420.085533
7,1,0.05,9,7911755999.753273,7911755999.753273,7911755999.753273,11362046839.964592,11362046839.964592,11362046839.964592,11362046839.964592,11362046839.964592,13771583504.609745,13771583504.609745,13771583504.609745,13771583504.609745,13771583504.609745,13771583504.609745,13771583504.609745,13771583504.609745,13771583504.609745
8,1,0.05,6,13173858039.946568,13173858039.946568,13173858039.946568,13173858039.946568,13173858039.946568,13173858039.946568,13173858039.946568,13173858039.946568,13173858039.946568,13173858039.946568,9698841347.614841,9698841347.614841,18091823461.016037,18091823461.016037,18091823461.016037,18091823461.016037,18091823461.016037
9,1,0.05,2,11456681006.034271,11456681006.034271,11456681006.034271,11456681006.034271,11456681006.034271,15231165177.963907,11456681006.034271,15231165177.963907,15231165177.963907,15231165177.963907,15231165177.963907,15231165177.963907,15231165177.963907,15231165177.963907,15231165177.963907,15231165177.963907,15231165177.963907
0,1,0.1,207957,11356836075.430779,11365058600.545368,11442951286.14774,11407383253.086723,11501284504.886826,11572607706.852274,11462618179.068296,11420746602.12355,11325892022.141277,11237002463.990677,11302260967.509888,11222477953.260502,11330263502.244299,11459744257.477684,11488245944.079966,11762657160.184574,12032282120.511442
1,1,0.1,2612,9620150638.32147,10005221824.191292,10310824745.779345,10551899836.055386,10829852425.188139,11396371450.320501,11478753307.64666,11653482991.373741,11823500295.428593,11990467976.365305,12109483929.256496,11905691426.95518,12104314472.72126,12102095046.389643,12260700660.411892,12394215009.635117,12480243099.637608
2,1,0.1,861,9616915836.549648,9554606414.593685,10068129235.397121,10340148455.616938,10863843166.50242,11313191020.884445,11167502145.221632,11463235615.660957,11702207499.048552,12435058789.564453,11905493942.29481,12155358625.357416,12076631471.901339,12345562508.627222,12653341205.424025,12866604723.968403,12858511364.561066
3,1,0.1,393,9058950660.941248,9418006800.120485,9641198999.771172,9879448865.083416,10282431629.282206,10809673611.033064,11144483325.768888,11457658275.432705,11931383479.876461,12080713079.647518,12431818813.250471,12778429495.580593,13035929075.480566,13240485560.444242,12976571150.655426,12881140287.002144,12361531142.951643
4,1,0.1,209,8703758322.360765,8859758313.07884,9611658023.426893,10214154047.682196,10572332357.546816,10974983872.222727,11291070896.142199,11561837584.09239,12135751662.50847,12367246279.29354,12597335598.034632,12546079520.629839,12557250425.659315,12605060072.807379,12735152869.271421,12661385420.280195,12352790157.809141
5,1,0.1,104,9119732995.235949,9233342292.440023,9508624056.895788,9924109481.286612,10287010055.744326,10861659328.211546,11231199790.608744,11491549808.376005,11870729196.323757,11774410298.776688,11531836987.251356,11535228832.787598,11869635765.797695,13386901109.174604,14268007975.840012,14085141736.944775,13902541633.26595
6,1,0.1,59,9793373275.447432,10219558977.756727,10690671031.544851,10843905956.44956,11040609574.0027,11193844498.907412,11413582707.33374,11796331657.620554,11878933942.771402,12131167433.502325,12131167433.502325,12131167433.502325,12131167433.502325,11405853408.184422,10915862436.468071,13113058689.936922,13044905646.328167
7,1,0.1,37,7983303484.515922,7983303484.515922,8828578090.99392,9147438061.656439,10503076688.370562,10960118369.169174,11014228397.908133,11014228397.908133,12832587113.386297,12858980698.825169,12858980698.825169,11702209679.999662,12798864902.01461,12310505213.218372,12310505213.218372,12310505213.218372,12227592831.803722
8,1,0.1,13,9446279205.428078,9446279205.428078,9446279205.428078,10586716611.8856,10586716611.8856,11705756380.377203,11705756380.377203,11705756380.377203,11705756380.377203,11705756380.377203,11705756380.377203,11705756380.377203,11705756380.377203,11705756380.377203,11705756380.377203,11705756380.377203,11705756380.377203
9,1,0.1,7,8843795134.694145,8843795134.694145,8992666482.052387,11302519915.806183,11302519915.806183,15077004087.735819,11302519915.806183,15077004087.735819,15077004087.735819,15077004087.735819,11601987395.40409,11601987395.40409,11601987395.40409,11601987395.40409,11601987395.40409,11601987395.40409,11601987395.40409
0,1,0.25,208427,12277405492.1157,12315507900.315346,12566878756.708126,12544750407.753723,12530846583.785913,12657148264.777534,12531576010.82383,12468413987.899733,12263472223.930756,12242463548.726597,12352872054.111954,12251405356.660278,12290242939.86312,12402234335.645119,12523577303.420132,12780296060.36072,12879440203.501516
1,1,0.25,2405,11024266692.96253,11272077542.08743,11777131643.809063,12020972180.178434,12166289902.73714,12696427457.91768,12733860830.880016,12786876377.317745,12980524486.763557,13130204226.961353,13396655334.77845,13020634223.355742,13046167888.081427,13345700677.788391,13150893351.717918,13252285469.111807,13571375092.17295
2,1,0.25,760,10803263041.882092,11088477573.997766,11306875619.481777,11749168312.630114,12138447818.102251,12550235817.719543,12730836268.820816,12839552692.419851,13271351560.816275,14100460245.552801,13488424281.11067,13676980236.562164,13807606109.769316,13691844532.534971,14044990379.166245,14087365699.141165,14282462566.666842
3,1,0.25,343,9852600105.1003,10190148603.125412,10446192270.326118,10793676050.245764,11307976245.50864,11812784397.02907,12314762295.998064,12566110908.352884,13172389568.193666,13472051361.704388,14127178707.393953,14335675411.568779,14274235221.15387,14503771442.682869,14363683795.530638,14707588262.807142,14127146929.00396
4,1,0.25,173,9545205327.049215,10006645456.848732,10468445618.864094,11379596953.11319,11810694178.993261,11913197645.980118,12561255845.39425,12765256555.07933,13864650598.767855,13868865719.357328,13962548898.924368,14100981530.690203,14164164299.988419,14103460433.970516,14383217892.813364,14214973361.75668,14106165834.982967
5,1,0.25,79,10230328233.340069,10230328233.340069,10230328233.340069,11328657738.002563,11883572228.952456,12190347302.483957,12837275248.61634,13517513321.89122,13291508385.756739,13562488855.249113,13112591688.688238,13355296982.886408,13355296982.886408,15854805836.62543,15656278072.852406,15656278072.852406,15588125029.24365
6,1,0.25,43,9135991856.828182,8982756931.923473,10828408988.786665,11300503884.353895,11612671766.963213,11765906691.867922,12151974555.021812,12151974555.021812,14493017924.299433,14493017924.299433,14493017924.299433,13830753369.344612,13830753369.344612,13596415946.995422,13365045542.675806,13365045542.675806,13365045542.675806
7,1,0.25,14,10856712917.173807,10856712917.173807,11005584264.532051,12146021670.989573,12884033835.046099,14003073603.537703,14003073603.537703,14003073603.537703,14003073603.537703,14003073603.537703,14003073603.537703,14003073603.537703,14003073603.537703,14003073603.537703,14003073603.537703,14003073603.537703,14003073603.537703
8,1,0.25,6,9219946510.366161,9219946510.366161,9219946510.366161,9219946510.366161,9219946510.366161,9219946510.366161,9219946510.366161,9219946510.366161,9219946510.366161,9219946510.366161,5744929818.034435,5744929818.034435,14137911931.43563,14137911931.43563,14137911931.43563,14137911931.43563,14137911931.43563
9,1,0.25,2,11456681006.034271,11456681006.034271,11456681006.034271,11456681006.034271,11456681006.034271,15231165177.963907,11456681006.034271,15231165177.963907,15231165177.963907,15231165177.963907,15231165177.963907,15231165177.963907,15231165177.963907,15231165177.963907,15231165177.963907,15231165177.963907,15231165177.963907
0,1,0.5,207540,10621927902.538769,10719363564.088871,10777980465.866615,10653920093.257118,10684021576.91543,10698011200.485037,10543337658.824686,10497340254.585186,10430992994.272667,10276763817.35198,10397509407.80868,10356301068.549187,10340583621.26934,10410848382.350916,10465429387.138962,10830663506.246788,11095271928.876673
1,1,0.5,2859,10069464705.10971,10043536801.060703,10317525500.987753,10635305356.680286,10876602391.826359,11378393644.497343,11335325403.984121,11299048925.825645,11242849871.031662,11470660140.873362,11566841291.400671,11553461824.411076,11944058282.3067,11940502385.962366,12065628552.111076,12144789700.792175,12227992463.901226
2,1,0.5,955,9675208142.426035,9713885042.835453,10094469596.175085,10282291431.654774,10762407023.47643,10916837904.410273,11151180926.629965,11189090991.20987,11288730881.935146,11808181562.912132,11963371395.295204,12254212723.538486,11964884405.622063,12302959466.632366,12347730761.31214,12745734835.549763,12629949373.204107
3,1,0.5,429,9455146007.953232,9632660236.986404,9864452228.071804,10083588669.060009,10389823570.617865,10662207661.942799,11244648808.622492,11399849132.978289,11724566977.463476,11998382057.133268,12677510400.520603,13003084187.044981,13170998157.728716,13386511643.379656,13532816770.561214,13592027990.637213,13051557054.529167
4,1,0.5,218,8860220676.312151,9228199156.822575,9712379191.830328,10221114198.626417,10615793206.360527,10986055920.194298,11287578516.743486,11529761758.414997,12117080451.233278,12251256832.659754,12800223214.380033,12995002138.141752,13001295749.605684,13226565153.850157,13356657950.314198,13237500320.281372,12956975801.929142
5,1,0.5,116,8511836431.823181,8751209424.185545,9268636264.486773,10061773750.689375,10541831706.016272,11001651937.071066,11311073609.791723,11665408972.035574,12166288283.62258,12086748409.594536,11750374955.110838,11998747084.07891,12008842282.11005,12793916385.048176,13397368004.69984,13224681465.726894,16107323201.70567
6,1,0.5,69,10145608268.773352,10578176812.375044,11350510151.581738,12381037076.061756,12738528475.634222,12801477954.873882,13223802549.05373,13986896332.851503,14417661873.651217,14417661873.651217,14304138161.574038,14304138161.574038,14304138161.574038,13578824136.256134,13287360928.312807,13287360928.312807,13219207884.704052
7,1,0.5,39,10115544603.669043,10115544603.669043,12009207909.218536,12328067879.881056,12793470687.395082,12793470687.395082,13179538550.548973,13179538550.548973,13179538550.548973,13179538550.548973,12523910140.852242,11367139122.026735,11367139122.026735,10808448320.14543,10647409028.910881,10577077915.825813,10577077915.825813
8,1,0.5,20,9842545477.741867,9842545477.741867,9842545477.741867,11811565812.434706,11811565812.434706,11811565812.434706,12710444372.550253,12710444372.550253,13785249994.370554,13811643579.809425,13811643579.809425,13811643579.809425,13811643579.809425,13811643579.809425,13811643579.809425,13811643579.809425,13811643579.809425
9,1,0.5,7,10765555665.867687,10765555665.867687,10914427013.225933,13224280446.979729,13224280446.979729,13224280446.979729,13224280446.979729,13224280446.979729,13224280446.979729,13224280446.979729,13224280446.979729,13224280446.979729,13224280446.979729,13224280446.979729,13224280446.979729,13224280446.979729,13224280446.979729
0,2,0.02,208283,12137622051.44671,12296317579.199177,12493384802.210972,12388190374.178185,12399676446.120375,12623897326.532755,12344869374.90624,12289347112.734154,12256760218.32074,12125809961.296284,12233310794.165266,12198173692.458733,12121142498.532536,12287577250.839708,12446582850.555164,12596260329.263224,12753246337.854353
1,2,0.02,2445,10555071212.559473,10810858900.943048,11207078104.225668,11484785652.670746,11902935983.746216,12156909966.083794,12353109102.075457,12614697814.717607,12739684068.590752,13076375196.840752,13044907301.381382,12815088933.641031,12891574714.950727,13089003120.922285,12947568230.368267,13031692348.095407,13241909388.396978
2,2,0.02,801,10495843394.438581,10702520922.591173,11063537041.606014,11352085857.832697,11618604890.306814,11939127192.327293,12052405374.185078,12383449192.59964,13136798697.194286,13499756240.727917,12852772396.679663,12899819805.90501,13032912573.989433,12879704182.603498,13304410428.327345,13475481667.897224,13211628391.940767
3,2,0.02,359,9472657867.514383,9648625226.944021,9972315254.249048,10385594623.036037,10806797214.40186,11631452344.853724,11856536395.271624,12297664171.820915,12716998156.712479,13041980298.097305,13383686540.235132,13767924663.073034,13971794141.746677,14129741022.106524,14121752212.17894,14363712618.97898,13823235332.11329
4,2,0.02,183,10180872138.515396,10695000668.517458,11412320285.826986,11862780639.523247,12148924652.89502,12009590899.009155,12688498785.61927,12523521521.527536,13085996240.023806,12964968734.15423,12971121379.368418,13055692957.13572,13058972751.824463,13010667142.247225,12914781911.855623,12772557091.845232,12827344982.050705
5,2,0.02,91,10382069140.270096,10704061123.578112,11078880074.130901,11517734999.986828,11630887060.690485,12069849026.500011,12431384927.979958,12970989962.479366,12971356296.009344,12907992776.020903,12971356296.009344,12678951598.040829,12739818543.245386,12709406808.896767,12676734506.108877,12467962410.93934,15416020725.82044
6,2,0.02,48,10468859997.655788,10422482769.910965,10839041935.055988,11477957733.481947,11620551322.29613,11773786247.200838,12433702347.520018,12433702347.520018,12956387001.319475,12956387001.319475,12842863289.242296,12437893326.877583,13534548548.892529,12809234523.574625,12809234523.574625,12809234523.574625,12741081479.965872
7,2,0.02,27,7557944483.763586,7557944483.763586,8126698820.636126,10448786078.783518,11152591290.04801,11186798242.840044,12085676802.955591,12085676802.955591,13160482424.77589,14834367321.897673,14126138847.687187,14126138847.687187,14126138847.687187,14066468849.809048,14126138847.687187,14055807734.602118,14055807734.602118
8,2,0.02,8,8974075112.200863,8974075112.200863,8974075112.200863,11283928545.954659,11283928545.954659,11283928545.954659,11283928545.954659,11283928545.954659,11283928545.954659,11283928545.954659,11283928545.954659,11283928545.954659,11283928545.954659,11283928545.954659,11283928545.954659,11283928545.954659,11283928545.954659
9,2,0.02,7,13047577026.716015,13047577026.716015,13196448374.074257,13196448374.074257,13196448374.074257,16970932546.003893,13196448374.074257,16970932546.003893,16970932546.003893,16970932546.003893,13495915853.672165,13495915853.672165,13495915853.672165,13495915853.672165,13495915853.672165,13495915853.672165,13495915853.672165
0,2,0.05,208370,12402147349.234217,12499808102.84661,12722365225.272446,12660963352.976048,12710559576.451874,12687936341.837835,12618411239.211922,12687060658.397596,12532866838.442434,12456035478.0369,12575517365.70056,12453410596.078476,12441857785.140474,12430459217.47268,12482002775.145596,12588236405.169151,12846622221.203773
1,2,0.05,2402,10832227053.088959,11047480029.992352,11486644782.336649,11733055471.329805,12102683655.046947,12632086434.159739,12763393099.55807,12663761275.074669,12746365927.51034,13005581284.716198,13123238085.64376,13053734108.365993,13072985987.921728,13421233118.19371,13227501556.406275,13451609356.421696,13546897812.428051
2,2,0.05,787,10747945223.049873,10873918069.309664,11215456239.616482,11545089435.562233,12126813177.5061,12476346241.679577,12373783068.030188,12814895429.227867,12852544900.456982,13177148421.212517,13119086004.481382,13243807516.442347,13445684164.358173,13292055961.777676,13512205907.442427,13571638786.342283,13344600943.696012
3,2,0.05,355,9377823919.114504,9649302053.405106,10011325103.712212,10447365690.122154,11066482924.181871,11733524840.739223,12437098837.480656,12594226696.776037,12921017025.813334,13095900604.76327,13963781579.393536,14327428978.332273,14414353630.005344,14492370577.919697,14364334728.53359,14750596320.403658,14269031069.06018
4,2,0.05,167,9987641270.932133,10499738842.734001,11386923803.681673,11844856154.864887,11993406953.587473,11796346382.131807,12199266602.771597,11886885470.285154,12251393038.153538,12768373601.531982,13106365974.828035,13238857302.29934,13341318373.152225,13237733422.229404,14388557746.392859,14374699432.00665,14272346731.578928
5,2,0.05,85,8925556838.487907,9168568557.475574,9689427970.684242,10560333891.54312,10721121673.562443,11381226028.649607,12025637993.940794,13029957102.741888,13185731522.13103,13197378778.888788,12924368844.393534,13454484955.0576,13454484955.0576,14477779345.272665,14427627932.199015,14391542376.002424,17329551158.678837
6,2,0.05,47,10189701130.497969,10505642850.472681,11347556251.272297,11670654395.735817,12485995745.707693,12943037426.506308,13548843498.08653,13548843498.08653,13548843498.08653,13548843498.08653,13548843498.08653,12481608980.766996,13578264202.781942,13357230476.311619,13125860071.992002,13125860071.992002,13042947690.577353
7,2,0.05,25,10274957100.943838,10274957100.943838,10448694417.956865,11961288985.858456,11961288985.858456,11961288985.858456,11961288985.858456,11961288985.858456,11961288985.858456,13608780297.541367,13598119182.334438,13598119182.334438,13598119182.334438,13538449184.456299,13598119182.334438,13527788069.24937,13527788069.24937
8,2,0.05,8,10737704790.382982,10737704790.382982,10737704790.382982,10737704790.382982,10737704790.382982,10737704790.382982,10737704790.382982,10737704790.382982,13147241455.028135,13147241455.028135,13147241455.028135,13147241455.028135,13147241455.028135,13147241455.028135,13147241455.028135,13147241455.028135,13147241455.028135
9,2,0.05,6,9044452801.310383,9044452801.310383,9044452801.310383,11354306235.064178,11354306235.064178,15128790406.993814,11354306235.064178,15128790406.993814,15128790406.993814,15128790406.993814,15128790406.993814,15128790406.993814,15128790406.993814,15128790406.993814,15128790406.993814,15128790406.993814,15128790406.993814
0,2,0.1,208350,12366342540.262875,12379304828.661787,12432669463.5745,12408204620.464567,12415979802.015558,12585614407.13629,12405629956.07603,12350222795.512861,12257291581.46169,12170868044.208267,12263543534.695303,12136137956.216913,12058910099.91429,12183690891.757181,12361784530.058094,12536687706.8385,12736175078.581234
1,2,0.1,2421,10630324878.527584,10935347475.204592,11327094417.433403,11449372522.161587,11794472473.06799,12287368783.970816,12427779106.937641,12427056492.637861,12620345972.449614,12939281477.203335,13114379848.287914,13007060717.917252,13114969050.727839,13229389136.43008,12916002739.50002,12971744378.848797,13268168857.416273
2,2,0.1,774,10237856980.297697,10559679757.386744,10994276924.722607,11190020257.057865,11680837114.76614,12032503281.218529,12134181962.187956,12356727324.902449,12940703648.616194,12995930882.343761,12990774488.119534,13110221931.914516,13185369339.506008,12885223712.448086,13477839609.605358,13798891086.92055,14109716903.9343
3,2,0.1,348,9640440434.93695,10054777405.207167,10349700024.805756,10186192793.909145,10641523834.456879,11126183207.152933,11526558237.147621,11921056343.122341,12670068548.693121,12749010383.022518,13889690071.281397,14204545124.855297,14253014446.469584,14417241120.071247,14098613916.829535,14354514368.607029,13954011267.364859
4,2,0.1,172,8550074333.574382,9249443036.353447,9967204471.351892,10600664926.445494,11360410940.528343,11272492980.97962,11960202971.417484,12410790622.851091,13376693226.25246,13317385564.566122,13418849419.539139,13590402646.199724,13904698165.046442,13852487775.587849,14868405360.186901,14811305419.277817,14840852009.555624
5,2,0.1,96,9113210910.81208,9860914826.346182,10562491526.583052,11348585212.265892,11509372994.285217,11640407539.531723,12093729004.18306,12717709125.016788,13043898833.066383,13022172108.38966,12738128148.527336,13111104051.782955,13099824857.716152,14843292382.94059,14551829174.997265,14379142636.024319,14083822798.293404
6,2,0.1,49,9705880361.089554,10076216965.488733,10347797874.719421,10680948226.674427,11092241005.449493,11549282686.248108,12209198786.567286,12209198786.567286,12731883440.366741,12984116931.097664,12984116931.097664,12579146968.73295,13675802190.747898,13220431041.928387,12989060637.60877,12989060637.60877,12837995212.585365
7,2,0.1,32,9664588230.849451,9664588230.849451,10929738166.374043,12761192704.938152,12761192704.938152,13880232473.429756,13880232473.429756,13880232473.429756,13880232473.429756,13880232473.429756,13182665114.426199,13182665114.426199,13182665114.426199,12694305425.629963,12694305425.629963,12694305425.629963,12694305425.629963
8,2,0.1,7,10014312096.72065,10014312096.72065,10014312096.72065,12324165530.474445,12324165530.474445,12324165530.474445,12324165530.474445,12324165530.474445,12324165530.474445,12324165530.474445,12324165530.474445,12324165530.474445,12324165530.474445,12324165530.474445,12324165530.474445,12324165530.474445,12324165530.474445
9,2,0.1,3,13266884022.376013,13266884022.376013,13266884022.376013,13266884022.376013,13266884022.376013,13266884022.376013,13266884022.376013,13266884022.376013,13266884022.376013,13266884022.376013,13266884022.376013,13266884022.376013,13266884022.376013,13266884022.376013,13266884022.376013,13266884022.376013,13266884022.376013
0,2,0.25,208031,11806066176.830067,11854700429.600906,11883972036.93684,11918098400.408627,12037697413.32774,12088136968.479416,11865487447.632065,11914393019.818176,11787239406.97013,11665949505.705303,11757808286.357048,11726615107.600788,11650576284.536186,11742612323.295958,11904621492.492264,12034153098.037838,12226458047.483334
1,2,0.25,2573,10409768346.469366,10805734519.932161,11013320012.490381,11175953338.677122,11548789746.828629,11929191291.084955,12004628028.61009,12144184499.044872,12279289810.122417,12608991535.37601,12499409522.003773,12285802376.010983,12590879972.991516,12667325256.055943,12610609411.15954,12778031069.381607,13006552210.015682
2,2,0.25,865,10887123036.726044,10912834409.68924,11304868306.505623,11768554562.829622,11861774508.99125,12005239578.317678,12196134787.880995,12203740937.083916,12251208042.664898,12399034191.696083,12502601352.625063,12403227566.842363,12463122779.85295,12317095984.444347,12701536380.466694,12799591274.432856,12597539786.853685
3,2,0.25,381,9193558075.934277,9516775007.11005,9793197713.998302,10282389041.90448,10786927873.076183,11507664247.53081,11948785158.78286,12139251256.940083,12389535497.616644,12810525820.498663,13649722242.246164,14090386905.21512,14077356971.830797,14223845229.25162,13934946439.940594,13813348018.907602,13103844407.464851
4,2,0.25,195,9538263183.132828,9758167065.91294,10281038507.481775,10544330986.204437,10992531859.174852,11306867127.652933,11812789748.661901,12344374096.211555,12699813847.762602,12794174688.877584,13049736656.200415,13226150607.030275,13593157294.667953,13577867011.885376,14178845027.281796,14046924577.89444,14008767290.862118
5,2,0.25,103,8746394222.958015,9240939710.62974,9510145132.589354,10089712898.399424,10740173049.713926,11199993280.76872,12436228259.323534,12537312230.558748,12960181075.022453,12616323723.450327,12669965057.51802,12837000107.277456,12861922187.692286,14254109509.263708,14531764756.277449,14452958886.453693,17518750712.27885
6,2,0.25,56,9560658392.826916,9769742415.641743,10279592983.60601,11049365192.101717,10995255163.362759,11452296844.161373,11506406872.900331,11886751706.411295,12376699800.988317,12628933291.71924,12515409579.642061,12515409579.642061,13612064801.65701,14109017304.384874,13784881793.653658,13784881793.653658,13633816368.630253
7,2,0.25,32,10355562122.026875,10355562122.026875,10529299439.0399,11392089320.06725,11357882367.275215,11392089320.06725,12677035743.336687,12677035743.336687,12677035743.336687,14324527055.019598,13626959696.016043,13626959696.016043,13626959696.016043,13138600007.219805,13138600007.219805,13138600007.219805,13138600007.219805
8,2,0.25,11,5912295444.128793,5912295444.128793,6061166791.487037,9511457631.698355,9511457631.698355,10630497400.189959,10630497400.189959,10630497400.189959,13040034064.835112,13040034064.835112,13040034064.835112,13040034064.835112,13040034064.835112,13040034064.835112,13040034064.835112,13040034064.835112,13040034064.835112
9,2,0.25,5,7464347273.176787,7464347273.176787,7464347273.176787,7464347273.176787,7464347273.176787,11238831445.106422,7464347273.176787,11238831445.106422,11238831445.106422,11238831445.106422,11238831445.106422,11238831445.106422,19631813558.507618,19631813558.507618,19631813558.507618,19631813558.507618,19631813558.507618
0,2,0.5,207759,11237804644.446348,11151785983.28078,11235565295.654676,11151302080.304642,11201600355.392635,11292013037.036491,11096723795.79213,11068326914.318491,10997724584.1108,10859986002.603348,10823573096.136423,10847130834.094513,10910714660.461687,10895854068.975496,10888561549.51627,11252443671.24359,11586075570.227833
1,2,0.5,2771,10020816649.73932,10447256669.808216,10602709706.79347,10808893224.535349,11055210044.279762,11529252237.558462,11543647932.843298,11642387349.612593,11782749799.886433,11909997511.810125,12054240540.784508,11776102454.521929,12065844003.531057,12076248166.492338,12359238960.345589,12524725790.399137,12864653142.100683
2,2,0.5,919,9830575139.578316,9874388956.586788,10432516928.403738,10778273992.445408,11025242738.408978,11409192410.50369,11582714109.858124,11638179300.731556,12291174024.753273,12688172372.766626,12338777802.55624,12499902404.802801,12455595011.521912,12575501015.358112,12427057863.833857,12920835003.767588,12888718755.62374
3,2,0.5,398,9417915596.775118,9770846895.08125,10322292452.975094,10619979635.047579,11033382204.753977,11415857869.450405,11942647133.824158,12124211141.308805,12629041513.308651,12775151286.736988,13054036752.273672,13197961454.647686,13377821313.271856,13759524932.863075,13819559606.299614,14273040743.879591,13493199274.671698
4,2,0.5,193,9710414847.25688,10172616810.824091,10799483825.456305,11078804579.571817,11429129045.139565,11620310117.349276,11902367616.978655,12278850589.254534,13014856944.748863,13132419695.793526,13600562688.772518,13343137796.841606,13352703375.940548,13200097445.685818,12988355793.721771,12941745050.82927,12857650813.58972
5,2,0.5,100,9003211321.370722,9647527865.945848,10602427040.550058,10933467578.529617,11434437068.136688,11873399033.946217,12700672907.562412,12798374535.763256,13275992515.526022,13759591110.535763,13579069479.552559,13694758374.926056,13698306063.24294,13557039353.00648,13786142956.664984,13565541681.261084,13443322401.171862
6,2,0.5,59,10942275375.488832,11261603380.638243,12739970002.718483,13226355279.578197,13538523162.187511,13691758087.092222,14297564158.672443,14297564158.672443,14787512253.249468,15039745743.980389,14512498153.96697,13445263636.647436,13445263636.647436,13210926214.298244,12919463006.35492,12919463006.35492,12851309962.746166
7,2,0.5,31,9211357861.051105,9211357861.051105,9789384932.433798,10195749046.6699,10367875777.760397,10402082730.552431,11300961290.667978,11300961290.667978,12375766912.488277,12375766912.488277,11667538438.277792,11578001936.771822,11578001936.771822,11029972250.097446,11089642247.975584,11019311134.890516,11019311134.890516
8,2,0.5,15,10698758639.558994,10698758639.558994,10698758639.558994,14977632408.005627,14977632408.005627,16096672176.497232,16096672176.497232,16096672176.497232,18506208841.142387,18506208841.142387,18506208841.142387,18506208841.142387,18506208841.142387,18506208841.142387,18506208841.142387,18506208841.142387,18506208841.142387
9,2,0.5,7,10812543772.711359,10812543772.711359,10961415120.069603,10961415120.069603,10961415120.069603,10961415120.069603,10961415120.069603,10961415120.069603,10961415120.069603,10961415120.069603,7486398427.737874,7486398427.737874,7486398427.737874,7486398427.737874,7486398427.737874,7486398427.737874,7486398427.737874
0,0,0.02,36518,10085928197.820118,10314590908.82799,10820553957.760298,11791128433.87998,12460526405.925688,12603437677.998196,12820997109.315304,13247451648.358992,13909617428.673254,13688794267.15589,13981424690.871222,13920393524.933151,13785723777.513638,14465726070.88446,14234725320.556847,14145460261.45606,17248870249.76265
1,0,0.02,24967,10722607282.52444,10957445182.179195,11004328605.848415,11103974104.975903,11364488900.800186,12244082193.023323,12396299912.84857,12552263101.62888,12561544645.480272,12860759843.378633,13033111144.138855,12538013777.892633,13709167084.62695,13763030297.380684,13951010786.30607,13892505281.192152,13764708016.17282
2,0,0.02,23038,8283596352.606396,8671557992.525877,8805781774.28838,9684925960.699034,10393806533.81333,10621782050.473604,11030616923.881311,11174814310.719397,11451008005.31165,11071716880.542786,11225239607.259495,11313021096.593351,11546299603.117447,11798102306.835686,12550043976.373909,12576373898.774506,12527867945.174606
3,0,0.02,22404,15482642710.85052,15366850903.001492,15615542700.883883,15670238417.700417,15695791800.173851,15727970624.59139,15845822054.498924,15886171478.207203,16189441077.941046,16218129973.643732,16446508227.575811,16479972332.167816,16514230563.511312,16710011825.237356,16639098312.040962,16658476497.515114,16491946938.307243
4,0,0.02,21356,7480245135.312117,7555666342.004616,8285215995.71639,9174342295.118732,9778985474.377584,9935724753.932064,10132364044.520021,10162712500.014507,10364812740.522018,12035413627.854704,11947026645.575699,11359398202.709167,20587949815.145588,20561512902.798275,20493909033.813644,20875768407.56782,20862727822.550777
5,0,0.02,19690,11127422438.936466,11534336052.606354,11571824770.19754,11705034350.88389,12398904846.687948,12599260571.876818,13102101618.485004,13109686108.584671,13922205664.565376,13473679594.055927,13502748412.467802,13443143192.08539,13454067136.697641,13253748735.417795,13170925113.55378,13319267650.75206,13494552353.781637
6,0,0.02,18854,12753601477.647247,13045043057.096336,13196430962.815065,14425742069.669025,14675383389.18776,14862159014.522923,15235359021.254086,15274267634.99686,15286847867.43291,15415376290.706081,11337251149.941881,11375316990.936354,11416160407.406136,12371306208.96732,12585416551.521002,12580737708.93525,12393638331.173923
7,0,0.02,17728,12407879528.918974,12545315624.29138,12650226433.306244,12782179181.56864,12794381509.580011,12853749011.511593,12859181896.930223,13569245634.425604,13727529589.093124,13989441016.4094,13902998560.916273,13903860982.48852,13862335790.795763,13862606174.235783,13819308888.378767,13806321073.733736,13647241609.655617
8,0,0.02,15454,9281287031.903702,9418123154.755798,9672725363.327261,9879471878.471329,10504978985.901287,14269666862.662569,10579582514.141594,14572996527.796007,14671632276.794527,14839160662.567383,14846738226.621143,15396180865.693031,15445898469.583532,15591869441.093632,15652989377.75863,15892722988.524282,15903757741.164312
9,0,0.02,12243,10186803402.982601,10505652944.931261,11502380115.544178,11621920909.76281,11738403444.567518,11966017193.237747,11811324089.108612,11586592079.161041,14079335123.709463,14222116038.118116,14418855869.291868,14394378001.231388,14434545191.635954,15393532247.814634,15579108456.980213,15496085705.57876,15295111971.631912
0,0,0.05,32380,10978963623.628471,11276611637.428446,11509969849.027527,11847961013.837734,12128699699.34055,12361167913.595795,12552000125.347494,12845914591.531132,12864066070.080854,12907106258.450481,13284720531.725744,13533050524.495798,13540470254.478004,13881771453.304537,13944756049.687546,13888951354.71702,13606224787.374916
1,0,0.05,25640,10439452391.38557,10565862100.180662,11145570154.913622,11355595502.508255,11432154441.699081,12645419398.529825,12839132006.7241,12979105900.2853,14066707774.99529,14095039565.0693,14155066492.483957,14375229841.626646,14391330949.860947,14823387687.32163,14625034415.531591,14523108168.175909,14450844575.93435
2,0,0.05,24320,11410357711.815517,11613492119.445126,11974008365.551464,12508364748.014128,12886999068.095894,13500679557.188688,13391571036.65361,13755099382.052439,14140553556.03594,14213737005.722416,13647866435.507576,13652728709.356358,13752926745.022049,13535867086.127495,13004086300.48492,13072687512.908558,13007368522.403093
3,0,0.05,23442,11319200630.410507,11344701557.12414,12095034117.148916,12947109145.423716,13055486391.140667,13156085480.66209,13151923576.079899,13197022907.443039,13347881041.526995,13623226270.815645,13465726333.349606,13309750408.285746,13352973917.068832,13496163490.340073,13441316392.195549,13408601287.226267,13561084777.718395
4,0,0.05,21484,12751919228.449047,12930595091.507492,13412089208.866186,13409276143.842707,13497703875.388308,13829047321.896269,14817936133.999859,15390483018.034336,15451814360.279465,15275005711.534935,11795374805.781277,11488437564.253136,11595408880.282894,11483777441.057245,11379708161.00479,11454698419.044508,11226965894.70517
5,0,0.05,20702,11244896420.583822,11351548698.158976,11590753205.404,11904338646.261148,12078003448.816647,12305055583.764406,12801428447.072632,12588980880.610325,12640346393.790169,12659985258.416218,12701141425.123816,12611545015.197542,12670894926.161598,12639341736.047085,12578595635.269573,12502624226.433735,15633513162.889088
6,0,0.05,18440,5331322864.268591,5565009119.506629,5653472151.038972,5809346185.943435,5889073617.146736,5967308158.362766,6236345796.271847,6185568244.181884,6262194600.792607,6211073731.871256,6283639987.602074,6235387977.29404,6197251948.349822,6046805880.518008,6212989075.693399,6329974136.9107895,6302615151.802007
7,0,0.05,17337,18902635519.892372,19233524718.259468,19325028018.235622,19419872728.724472,19640913065.33835,19826595892.204926,19971099468.024925,19964356554.12766,20717083495.764385,20700705683.581738,20768300955.12616,20617128706.392643,20751908015.7802,21668662198.33348,21683953870.050243,21980061874.937214,22071225309.803234
8,0,0.05,17173,10759974317.315424,10862798296.43805,11388196510.469694,11504655214.187628,11806840935.213945,11930905463.939678,12022517877.255907,12065017288.992989,13255886370.494034,13491151700.343508,13670355292.351717,13652689804.304033,13715607970.66496,14238434494.532911,14259006193.472338,14264928346.707859,14018941265.274126
9,0,0.05,11334,11001605591.494642,11400447700.609358,11640826537.941675,12513717217.94433,13384717895.987185,13486973017.59627,13471430135.438915,13628211377.035776,13717131533.51439,13665483573.60925,14193147211.68524,14300190546.925594,14525053089.174402,14136726057.239769,13894019901.376028,13756480318.4414,13958660871.719847
0,0,0.1,30715,11778623617.991959,12273825281.608381,12382854658.00779,12990962908.925379,12999666191.89079,12821462784.098124,12853803783.85709,13081156301.797047,13306933623.506306,13430195364.95876,13599085763.497831,13499822376.151222,13537038380.25941,13540216007.0109,13460332893.712896,13919533607.42298,13853579354.765663
1,0,0.1,26744,12243031009.215517,12320980045.335625,12423835549.471243,12480674531.620823,12649406476.608755,12867799572.931938,13134003483.367386,13062429111.700794,13198017128.778278,13258274337.509174,13596420466.866058,13515863516.825994,13517203472.959675,13505653461.79586,13424422002.474342,13484614308.066412,13541853289.658686
2,0,0.1,25791,5586934223.373699,5829405190.288776,5959438584.687774,6135922266.226623,6185630851.533488,6638368488.310646,6513841744.439539,7056859069.604517,7026980905.2497225,7115644011.334158,6567514369.638105,6630437337.723796,6618548234.3545265,6602977059.852127,6634944879.981339,6626247173.993802,6581446893.420956
3,0,0.1,24853,15835313128.231981,16009211049.092197,16491125398.770292,16824767989.952553,16934372065.380798,20760027970.84848,17145622624.446758,20721177223.07165,20946416277.238102,20949989965.47049,20980834215.02002,20906410329.40115,20978229091.065975,20384112285.258244,20819046993.494522,20857450076.30208,20809244456.42928
4,0,0.1,23755,12322102740.007488,12344755848.972614,13005656501.563782,12757445904.429941,12796696108.739399,12919674426.705173,13096178201.374077,13052919478.2192,13376184876.380898,13485565700.509607,13435764032.87675,13312717307.206734,13403413183.133533,13288254761.063093,13050134409.483055,13191578850.1846,13250697904.19703
5,0,0.1,19754,10883516070.70908,11037784936.68796,11332275323.74749,11699222117.90032,12640979808.462015,13226802869.91977,13362827670.284544,13418249561.966791,13603961359.215458,13883623447.187986,13881979307.058851,13681277308.708782,13827160429.803339,13776706347.53589,13803172912.967592,13921632163.015255,13802394076.71554
6,0,0.1,17761,10564989236.288166,10733383448.54492,10930897201.645536,12626156000.05479,12839191045.053085,12977536863.7699,13195189964.687334,13403567411.45327,13996010967.155165,13712022881.265713,13817953735.093338,13989465073.293283,13931154712.572979,13764690847.215143,13881864405.300213,13785343199.73423,13815075130.421015
7,0,0.1,15759,8615391984.905111,8719365565.795399,9014718111.166782,9109679650.264393,8910813727.46786,9136396456.282196,9237526371.21308,9163262231.055431,9159656996.937048,10879417058.564617,10927374771.278353,10952737498.697674,19970623535.539967,19918323756.355583,20296088900.737194,20289087171.036026,20198488654.813244
8,0,0.1,14230,9840006557.637314,10315901716.550192,11151354686.413412,11736924450.798101,12453475406.344446,12943502547.919855,13288822756.121479,13308609823.964865,13255599479.766466,13989793722.016188,13773161371.778357,12976058392.106287,13006440805.347925,13537995439.124434,13827913099.968668,15826700154.071112,18847693108.11171
9,0,0.1,12890,11009545625.917677,11292456216.525238,11784380139.120289,11892289456.715464,11952584030.42528,12619093647.89158,12997221267.360344,14020214909.067245,14077831294.507645,14299490318.831104,13583752328.372759,13516998247.471579,13511834445.404234,14364735042.635736,14001298320.802588,14358097428.548933,14368918406.565844
0,0,0.25,27158,9305368577.009829,9669211019.976542,9998645401.809046,10374670804.365368,10503542139.405031,11034172891.945635,11059582743.445396,11126012146.15863,11580917274.704372,11777954389.330229,12212794833.40859,12562651608.507982,12463994552.950483,12278811509.846935,12671920802.344004,12315188411.563652,12114777661.86232
1,0,0.25,26571,12930506665.82498,12985826520.054699,12940072167.315046,12898625650.825796,13380304573.757122,13502863924.821842,13574704250.07703,13591211083.51974,13812491515.438017,13828668041.41967,10713401275.235424,10779491083.987518,10770315210.6799,11731940879.588858,11787130368.941948,11698651124.645939,11458261045.02169
2,0,0.25,26284,6472037671.357401,6503770138.901767,6624009441.283932,8498949751.503759,8599114365.51619,8775690770.66877,8810713094.01903,8783583384.032242,9116623245.56317,9348032480.055573,9172634063.446018,9233249293.085882,9202157659.222528,9222510118.906034,9072150665.255674,9131755430.264738,9152075050.685476
3,0,0.25,25966,9179253188.753767,9231526724.844511,9485237762.744131,9820174081.143562,10024730416.315002,14017549861.497719,10730771000.821867,14603770196.96152,14806293376.610083,14660110993.340448,14903573981.1798,15286243967.988707,15289353982.78429,15531111275.723463,15454822591.81906,15513182177.85048,15449519561.273306
4,0,0.25,21883,10692914736.938305,10734569691.769438,11010815992.108995,11321963850.193289,11383309511.449549,11344482987.226078,11636596420.34389,11830248235.711786,11817817413.336645,13838328101.235468,13901537467.905298,13907228300.605902,13910804459.541945,13924039585.450912,14063339155.052479,14108325525.402168,14074050308.717833
5,0,0.25,21114,8389863897.994839,8460762844.454149,8654735258.102236,11358675904.206224,11755116771.472897,11965423461.150673,12022967050.197186,12325444812.539486,13035950270.637297,12671674526.162483,12614098157.032574,12737760201.830889,12986433761.335548,13157951719.707119,13274273500.881544,13622774722.956438,13630571817.06037
6,0,0.25,18233,10155939193.394007,10138770522.268272,10358501709.37934,10279292941.114952,10230909317.933666,10592390008.514534,11065084266.817942,11173052981.567543,11317142643.754093,11577935751.35189,11840193863.685995,11844028857.907804,11937156561.171133,12590299936.728458,12539024492.714127,12323800726.97247,12759394660.537613
7,0,0.25,17936,10659054884.617113,10683608739.67071,10917281033.137863,11118483068.93959,11052079639.534353,12460236268.23834,12531260548.05908,13244964401.768555,13159212224.323526,13608740541.197811,13591056420.460848,13539620641.783731,13547799892.174992,13806076133.152569,13848319959.348927,13731929006.753477,13581535867.31039
8,0,0.25,15385,9805837289.226261,9725411725.940166,10716103687.191214,11020993550.113842,11588529310.313143,11747668058.916529,12077856706.234367,12059810769.7295,12128513210.16944,12390552969.161251,12599800213.398054,12144782933.139698,12491925599.793266,12148815568.138126,12546225468.424795,12643270543.935461,12580724197.882992
9,0,0.25,11722,9605882680.818989,9990997358.465717,10542871031.978418,11041972651.640059,11248042607.712482,11738860387.77237,11731269262.639637,11786630017.46913,11851689268.948956,11786433236.74088,11842868435.11154,11622953652.337088,12069753957.567043,13165759196.198002,12914047683.06774,13002032475.58971,12883189200.204346
0,0,0.5,26125,16228930465.604748,16351816649.503426,16379789929.14103,16597741049.6281,17604979292.6206,17741377564.981216,17730343390.74354,17723608437.96691,17719657003.74922,17652861757.092567,17580015773.15726,17787531372.72146,17786864464.201042,18016700338.48808,18054159785.37569,18210620496.098915,18149307859.48869
1,0,0.5,26079,10977806796.05182,11297648267.12674,12079398761.998388,12520525669.38776,12659546048.135595,12740242925.490881,13951589590.571562,14035828362.570953,14083935333.11694,14170111767.893078,13526918913.574955,14099320309.884022,14251204986.295454,14483089950.863182,14290641573.62902,14448837597.54584,14373481064.156406
2,0,0.5,24930,11137867157.920355,11213324506.46471,11351601486.08147,12000517528.624517,12333040644.562056,12565602847.12402,13418338765.210997,13402796558.875183,13545448309.447361,15014250933.749258,15055077942.434841,15107867096.029074,15160419080.014292,15405085784.575918,15916033098.064478,16002216309.44598,15900510123.270132
3,0,0.5,24119,14480801047.954086,15021661020.849049,15424226780.336617,15386685698.367687,15459103131.061289,16343597366.631794,17246990003.97087,17413296116.48729,17728757949.397636,17742669223.0492,14461866279.572945,14551705034.216812,14635501196.754257,14843290105.980396,14794610224.44299,14677607583.015148,14951975775.646616
4,0,0.5,23809,9819155397.134031,9973987127.697437,10245294672.963436,10182675752.144205,10301353644.929039,10582244683.893736,10732148320.704697,10784017140.524548,10770615991.658035,11003422237.484167,11206389562.18083,11122669587.382902,11044223018.794714,11099187396.304035,11073711600.651293,11024690938.1461,10947109116.354958
5,0,0.5,21237,10621919297.568508,10824874580.114109,11243680934.482927,11850970493.85308,11954863872.371899,12060447996.45646,12236999257.371986,12471816457.810186,12709776637.732681,12929502209.969866,13153389164.225082,13025911874.601276,13071425480.722631,13072238342.863293,13096202665.384178,13104178676.265717,12866092648.087042
6,0,0.5,20290,8845573148.944824,9234036599.678642,9386809990.415186,9615442688.508757,9781802614.564209,11013013594.755768,11123173178.432856,11574510276.93777,11807731241.671537,11787112240.324926,11575900301.589176,11715263827.779076,11826995430.913237,11258324176.005562,11154703269.140482,11519223172.789595,11388822323.15413
7,0,0.5,18245,10485471083.728386,10557037903.654133,10613731259.567633,13880916888.56952,14476120393.419449,14825960746.547785,14785320503.79282,14891704112.356306,15406713449.672575,15653889562.312876,15243511908.718496,14825451929.690094,14718761226.992004,14589728740.085686,15238501106.552383,15533594421.013655,15517138880.985626
8,0,0.5,14919,13012810521.498175,13810794575.798046,13955379649.527498,14044644938.289425,14223714963.186691,14008486076.329622,14072748491.363163,14071582958.801313,15097192420.08777,15256091906.015486,15641800700.209425,15754015948.976898,15681239844.871304,15686661807.186853,15528132220.502481,15601588303.480324,15630622003.572603
9,0,0.5,12499,10545769260.723246,10751318230.816387,11100012819.707438,11240213826.50693,11531217617.699215,11488432827.668346,11623891939.965544,11698199707.122383,11766706281.296518,12198804689.13907,11223016001.005302,11279593168.169378,20017360220.349644,21039917344.266026,21117432931.804295,20869694249.504128,23698977937.668484
0,1,0.02,28630,13391051063.845737,13659374592.053843,13762514293.058073,14016102476.047915,13785834721.885818,13977501643.786642,14383178312.445122,14436447682.733656,14535285367.890774,14499091724.33271,10975026010.964529,10863101334.622097,10912432840.054115,11517372383.967705,11492809511.343863,11521873918.55677,11994220642.229462
1,1,0.02,25529,8815356852.332169,9269959363.944788,9875609211.530502,10058298212.865667,10330356331.81306,10448025504.644201,10454073236.713451,10755620591.008215,11107607665.593996,11265843449.10727,11030897497.88316,11368753409.12033,19796870265.002247,20039814027.947304,20141998222.371002,19997200804.65132,19935416747.772182
2,1,0.02,23248,9831460473.671778,9995511795.797434,10402367211.801392,12831579908.429642,12949022895.199081,14253093898.707895,14327335155.901842,14360044572.607777,14303008091.97487,14398525699.035719,13810130290.999516,13807910240.016977,13887294906.047026,13215794536.128372,13211287820.459549,13191756739.997515,13214814439.179367
3,1,0.02,23194,9809498717.017124,9891462295.274939,10087829510.55917,11567677848.39255,12452906000.157217,12640818046.576626,12759896274.842093,13390304370.722649,13755495426.602995,13791239049.284065,14117337540.718618,14136850241.652287,14114441825.869677,14413310212.522099,14204187975.74071,14137488653.174297,14263934131.92855
4,1,0.02,22805,3262658045.468421,3263221061.0837736,3436468670.007637,3600144989.0342827,3812781504.666932,3841002943.7159247,3947843303.6066885,3982139453.6889925,4025469032.8429823,3996802337.7704988,4297573784.870053,4188647158.836348,4254678503.438396,4264672049.0212736,4090666993.797518,4124632062.407453,7218389492.36624
5,1,0.02,22588,21242165592.80438,20968026559.779316,21480518775.100742,21520610196.668453,21622881456.540802,22162027598.61259,22175191094.530655,22400661340.143795,22727554414.57952,22518712308.571377,22547305035.814877,22288529140.56893,22469572197.931248,22376062722.622234,23047786274.549374,22997048776.95196,22712942399.769897
6,1,0.02,20429,11184092101.422792,11407022430.91476,11508950076.832926,12393797705.989975,12556973827.664347,12762362879.627548,13296221479.816021,13339217001.285526,13513413783.820557,13850132693.897243,13863460765.282324,13674909952.155148,13702031281.123075,13785505412.25398,14033635402.91271,13867242988.167347,14043279815.48154
7,1,0.02,19920,8988391526.805439,9454613572.809195,10197008567.808472,10472013560.415356,10759684375.743765,11002385634.45811,11179229991.469738,11597727077.908146,11706312328.947908,11254039440.481522,11364842813.192444,11859906649.76624,13227173974.865078,12991321084.107157,13348106833.075773,13315201003.268278,13283916925.31622
8,1,0.02,17443,12318706643.133757,12807435403.360466,12926160430.320965,13299384547.557405,13913624483.887922,14406019866.852154,14671767904.016176,14724922047.243874,15411280118.388977,15432484094.797842,15635291066.852442,15439645815.067766,15483636866.41115,15705734791.697647,15480658493.997961,15261974919.293941,15261742243.86472
9,1,0.02,8466,10441772315.967062,10771877377.098984,11429171639.36074,11796547139.277122,12146903162.834547,12412490892.61704,12212558796.429514,12577578635.27431,12792808708.103445,14549360273.39889,14484220273.146904,14592579954.250511,14756252432.42519,14482044335.475258,14381454039.152857,14448530389.729576,14220319389.50076
0,1,0.05,26825,5079626245.056921,5085659290.375987,5099405648.094731,5175577107.499143,5478951981.740814,5591163651.484878,5528830166.752757,5668313932.699812,5969667875.559776,5989108290.393852,6023158193.353781,5631759501.067504,5663735309.225834,5701851062.507252,5649646204.455021,5661364871.825827,5632396176.558036
1,1,0.05,26244,18149938053.740738,18390376480.022118,19521621025.220848,19625995007.2505,20128918915.290234,20171331706.82326,20298842805.090572,20353263684.73076,20361310616.8471,20413855946.373554,20667128217.11333,20641651156.05273,20569298733.000774,20498683251.088436,21170726327.418625,21006375721.882507,20938200225.055122
2,1,0.05,24939,10098575832.731176,10534504472.593964,11022619106.008438,11212780261.654997,11281218711.554634,11450902577.628906,11537868522.43599,11721562165.166853,12483828869.321198,12651284804.349916,12968114496.5855,12940075973.671562,12892450658.364992,12898557339.436392,12966829239.655329,13082696407.850004,15984492366.385769
3,1,0.05,24808,8692985419.664743,9017694501.564266,9267908539.470585,9491709175.315557,9404314728.108347,10030390171.373188,10029896597.19741,10125851711.893143,12629700204.3718,12956862964.849775,12318412510.196695,12251650501.89884,20732534283.172977,20400624512.329063,20159558753.363457,20176899711.77743,20168650304.82481
4,1,0.05,22693,11562846162.434305,11714512242.144547,12140998865.682417,12203001029.495241,12947024228.60806,12858142636.425299,12905524445.074245,12971426463.686083,13315473559.17522,13114126653.849606,13302338128.733122,13391998546.921883,13386373076.097113,13381981542.11946,13406162511.792871,13294130192.652958,13891296803.309656
5,1,0.05,21651,11139131075.540966,11566256299.412827,11763632024.894012,11674670654.789558,11790695903.879986,12044834595.113573,13012035112.90448,12884823917.909016,12938749066.106255,13472024063.810717,13417497625.884365,13486291026.652927,13590924220.309153,13414340168.252432,13779762874.124857,13889001611.419462,13741810832.771286
6,1,0.05,21002,10951627287.426584,10993743291.481905,11246446086.633018,11323259006.22994,11554253161.673973,12908631970.604336,13267356270.485811,13327684003.605858,13467634862.049513,13555105132.465853,13794670849.803354,13672819008.032698,13621233475.132006,13970517113.398378,13908254011.743471,14030794070.827303,13906805798.82921
7,1,0.05,20170,11093449022.544683,11022968039.998106,11420107673.032648,11593030804.25398,12211343952.741161,12423289468.447355,12775352551.504871,12894222963.097736,13142081903.476448,13233336870.118711,13237775594.958853,13551923653.47059,13882636924.173813,13772006570.14886,13766310687.268862,13814800179.744143,13681732272.476889
8,1,0.05,16961,9873509079.5247,10019753446.787985,10991669914.8372,11671124672.440147,12240298840.01728,12484071435.706858,12728026464.941227,13122974817.29832,14019138295.117908,13470176902.507254,13522806604.65688,13335456546.736076,13438443992.480824,13038981423.984184,13346809995.249876,13377096250.565346,13482107593.800175
9,1,0.05,6959,11749021900.063839,12289305959.067398,13002920244.956604,12795279302.990234,12905230341.250322,12729166065.383898,12945116740.095901,13040094183.551971,13117170362.65764,13159040165.684605,13415237822.981451,13080936164.789248,13490501081.884876,14175847466.816555,13853014668.358688,13870158205.738771,13671635497.125795
0,1,0.1,28258,9316619410.409588,9673974645.211575,9950641659.924107,10227363739.88679,10405047664.272364,10461274589.380623,11424633079.15884,11512051871.60977,11773207452.743725,11761466453.619715,11785097529.368883,12567885620.294996,20990451285.479286,21099907631.94492,21284963332.769444,21425099128.600285,21184566370.879967
1,1,0.1,24225,11585552168.616838,11808201672.789394,12160856486.28126,12751991034.029135,13161543861.58788,13668460094.721523,13964598963.923374,13962091923.511497,14229893367.113203,14343939886.138649,13817153934.22762,14074488577.293528,14226226667.787409,15255822304.924824,15289854397.3598,15535227120.331495,15354407199.282602
2,1,0.1,23423,14749125347.2843,14724441550.346998,14905755195.71636,14949153746.448158,14878190077.502363,14895781763.044548,14899732084.278318,15042046179.499998,15303072636.632755,15282320745.032566,15356432484.713686,15302213279.604013,15298552986.370735,15180493989.69122,15782737213.549871,15745646450.629364,15802166253.050556
3,1,0.1,23373,12463314782.557863,12828409648.079695,12834727970.081642,13129361131.385628,13199153976.225727,14447476714.13953,14454052072.443367,14908806978.477606,15259313631.129688,15252774934.331772,15083020567.603882,14907746951.415596,15064129449.724318,14764148574.755913,14708087950.393373,14807847418.13799,14839852971.280855
4,1,0.1,22714,12006882823.98854,11985442877.501171,12805723573.266098,13552560749.388947,14063556461.581064,14282851958.687002,14146186163.19549,14153501395.748873,14280815207.615877,14405690546.356258,14547852693.493479,14560221713.247196,14492075580.524324,14386225960.289778,14535898509.60785,16637415805.900385,16498148821.43508
5,1,0.1,22265,12692003961.23247,12699360530.657734,13825021828.820417,13987837167.89323,14139658358.945337,14443893933.64529,14548634868.820673,14584808088.245554,14499894202.045315,14584902478.971077,14809309353.340977,14786135071.306154,14978236596.695131,14916931958.812428,14831199809.362574,14760516910.946712,14715230787.342403
6,1,0.1,21614,11997696658.21638,12208469581.415638,12426435710.75121,12689699145.46029,13416983932.26685,13854030547.707838,14210130929.443567,14189770999.621813,14835920656.867624,14952646259.489162,15071569202.167437,15077880180.741148,15103869254.744112,14954565367.689425,15297156448.796741,15269500852.440033,18314944227.549614
7,1,0.1,19984,12599613756.338333,12681181203.45913,12866857320.816427,13391952180.880653,14310836627.138988,14384208165.86341,14370918190.775587,14543717173.373486,14812301502.943422,15293437820.013807,14813134650.487211,14872976175.267601,15083190658.306934,14995536460.653587,14977043136.754032,15025651419.902424,14684512305.202232
8,1,0.1,19906,9911580411.538223,9966582100.008535,10107064490.617853,13002215913.460106,12985815830.934385,13453626849.518429,13546045743.919851,13756208666.879602,16302865508.54026,16098479229.320723,16482946935.971699,16386786656.631235,16319918241.850914,16073971634.885,16150700989.335873,16111705019.690823,16038496097.153212
9,1,0.1,6490,11626356692.668482,12305203801.951302,13053807085.751936,13050262644.542114,13083292722.704082,13190361872.065449,13687119371.337456,14099407809.857037,15488722735.464426,15549169037.352428,15536311005.619928,15665945300.408718,15632975282.479338,15590264241.184072,16111515879.375471,15748421273.40304,16000220584.945978
0,1,0.25,28910,9190296570.466808,9285777006.20678,10018046977.509075,10892997594.101816,11175585594.682873,12651423572.998764,12695802789.978495,12752247076.819921,12817194645.128284,12885475214.123075,12605932086.845928,12106689727.584822,11972549279.280146,12163076663.253994,12773017674.180094,12890177231.309334,12795018415.91114
1,1,0.25,28276,11134155711.637354,11241138181.217863,11535003643.983725,11707222894.804165,11973910400.96119,12006973649.68776,12854820235.28862,12799063952.130896,12829266447.132317,12741821278.567192,12690980833.30937,13080872136.560852,13070427799.074785,13268840414.353548,13297244114.435825,13252651804.711876,13233775709.952904
2,1,0.25,21695,10836310474.617619,10849652809.793762,11038727711.044317,11326253852.277498,12343606692.244196,12539801781.834467,12945196465.604733,12804344418.04422,12831995295.10701,12711464189.418297,12775377736.834265,12791958417.337671,12913677700.129839,12807550943.81783,13243247480.925972,13266786654.797117,13292033839.571661
3,1,0.25,21268,9423206743.583546,9374959148.968637,9319286871.582973,10154502576.863264,10235189625.500547,10356340080.198944,10617524487.384235,10923522136.02862,11037162128.749092,11591511986.725525,11238832307.297985,11459056932.48983,11857423454.754541,12095202489.581821,12140112058.33565,12158020729.102667,12158420301.356848
4,1,0.25,19762,9933288139.163872,10181853872.645952,10352010308.64427,10781923272.762634,10929900853.444473,11242292500.550467,11775786102.077084,11793128446.422682,12001704429.203062,13723543986.401278,13855758174.959421,13629799608.815912,13658750409.992353,13799776766.952438,14331952990.75728,14625355499.9761,14643181570.064817
5,1,0.25,19570,11654427857.316833,11677392918.580519,12060724759.544998,12900323564.10904,13000688824.37299,13109241935.484118,13153457814.134369,13161976320.154804,15631013039.019878,15315741314.309755,11742859406.027979,11645171244.996231,11631809270.74721,11622612572.245703,11623813614.56335,11598318964.670956,11652328854.911133
6,1,0.25,19390,9537649518.988222,9692417442.856554,10463907676.028883,10579132105.519716,10776200345.161423,10922718780.989523,10917211485.856894,11256494909.74821,11717373378.16872,11929483665.040535,10814355856.893204,10834233270.93624,11938552460.498299,12558292942.884264,12953344883.732113,12891850066.252249,12896077828.295769
7,1,0.25,18943,8415509908.589127,8647639733.862503,8767706432.550352,10052585957.570501,10201903875.911186,10369091505.469748,10390383714.24204,10740244256.642324,11642724779.20827,12035415153.460363,11846661581.996181,12010861839.392426,20557935140.947342,20544846563.86569,20403115081.980427,20532653751.283813,23248375504.031338
8,1,0.25,17870,8393348915.545698,8615540813.021832,9062565236.859978,11440822321.843243,11762289985.57743,11926557935.813393,12002678699.82118,12301669765.743212,13255659208.451601,13532488442.757383,13703735223.802439,13687788225.422289,13636771172.826643,14636246329.863497,15029581979.004467,15002997588.877434,15057535386.244745
9,1,0.25,16568,9777799771.375462,10210976204.516762,11061888799.64616,11163129948.88427,11810666364.844776,11553360474.998411,11617838989.858673,11802203853.064993,12619339679.802015,12412714390.84012,12459535638.179062,12451295867.03046,12445975602.446974,12715838810.719276,12564859182.961262,12753957549.992956,12743571206.186893
0,1,0.5,26552,8401379197.018152,8434117139.472564,9584804958.265657,9768550288.549673,9996764795.223093,9928025326.306868,11005002311.031849,11014761321.971052,11167249743.665634,11236259688.305916,10642203668.788836,10574277396.915548,10563008399.282034,10492659969.325186,10068259856.692755,9972555737.323753,10101360795.076817
1,1,0.5,25532,9082315230.524757,9363398788.274801,9742647867.407227,9916132282.224447,10051162409.57065,10482240693.669897,10536575189.153097,10637260558.61966,10760652408.032927,10753195461.706789,10920201351.02874,10783701103.929613,10707367455.833857,10491395354.576056,10483324348.862352,10422965575.94192,10395529182.512506
2,1,0.5,22892,10062640014.744148,9981088786.20005,10318798528.77938,10399669107.643442,11289829425.73861,11406441850.576433,11794030769.649351,12198533115.399796,12206181186.644005,12164729650.244751,8911504178.22055,8966668179.997383,9202970742.31091,9205981852.861498,9065438629.125648,9100480117.81235,9320900659.791315
3,1,0.5,22163,8350912491.499376,8550804046.446696,9099037205.547129,10331498756.42797,10604981877.073877,11066466317.782215,11126906832.789154,11369419747.193274,11736986304.30232,12561379467.271307,11970378958.97865,12026467090.72524,12078468711.54707,12158466845.661413,11909572110.847057,12000097913.354904,11789040672.33598
4,1,0.5,21756,8878879960.976328,8853089089.893587,9152051714.925844,9438646044.455688,9487396552.710833,9740243854.788965,10040736481.361307,10359292037.139738,11046256978.112347,10945007943.1404,11045754774.397482,11022824174.319565,11010559007.401007,10985125996.912983,11099757153.400118,11456940225.25383,11507683171.703444
5,1,0.5,20421,10266066729.500845,10386576368.547466,10636401175.096684,10689884347.046726,10745982627.353844,11011158859.126278,11383076060.204262,11186405827.490917,11479183491.256752,11607484062.08241,11899732476.087997,12014582693.024858,12172321191.616182,12025614442.32205,12347513567.224894,12335260585.957418,12026912096.25259
6,1,0.5,19851,8329916147.60006,8724292510.023947,8804560773.134445,9713591649.765457,10104083017.198011,10634623278.76625,10585843593.454916,10580965855.840057,13187888779.357456,13624572652.932058,13667919404.053537,14093203327.139305,14054817228.547771,13970815828.892328,14144025414.868458,14233370121.588644,17143444267.015001
7,1,0.5,19760,9502296144.71843,9712838215.45351,10643838978.71178,10684608813.560244,10841700519.703375,11080316668.504013,11073607610.677004,11094899648.81091,11355710644.64059,11558284142.554337,11777415516.56709,10663163736.167868,10974210987.358612,10712347749.43615,10981598238.840042,11040655130.51141,10954025584.51212
8,1,0.5,17014,9133088066.021786,9248715739.32538,9884063212.220736,9961859170.21766,10285397041.354557,10566002102.86434,10814015985.617481,11232744260.589893,11760203415.832249,11800410705.695387,11429567162.575682,11404557104.520092,11506093066.89747,12614443582.811243,12393564356.788683,12324884523.401432,12383451716.608387
9,1,0.5,16311,9130104381.848516,9211353217.721645,9367667915.236385,9353164412.572939,9596908267.340303,9786447261.516966,10027256799.48669,10193679279.665657,10159222618.418245,10309707828.931335,10572543274.258905,10595464287.49631,11815737664.250023,12023313974.609058,12099733880.448986,12134898200.700125,11727369027.394327
0,2,0.02,29644,11096139665.850325,11228168892.583721,11393158250.112394,11232141278.181105,11185617410.022654,11715017626.966671,11892888810.07091,11913007546.65459,12344315787.898983,12644253683.552208,12730321240.43388,12915602210.841822,12938736093.67789,12865831017.669933,12736109113.710606,13027271158.041449,12911361890.69765
1,2,0.02,27865,12226685906.646706,12481692756.408535,13094321677.946037,13646673307.84334,13984394717.603777,14028875361.64689,13940572478.036375,14244339518.36224,14555977840.609364,14584562886.718328,14558837613.356379,14461100833.605083,14453423675.859283,14161087258.259151,14240129770.756685,14109267850.953974,13908359524.421741
2,2,0.02,23504,6863497589.177,6958983781.772799,7004633402.567245,6983041834.970996,7025771199.926721,6982686328.476671,6992928380.467693,7060074231.857294,7206625105.944682,7041603120.602952,7407358978.932645,7345880348.209648,7368482391.468005,7365211285.939418,7303600485.292015,7362107051.222048,7548909698.64436
3,2,0.02,23491,17363621419.562683,17518630350.418438,17552492656.283222,18403049215.05989,18709844906.339127,18851718072.591946,18955189152.91581,19052800117.5894,19312063427.896473,19468349450.37682,19503157139.403946,19528007227.676712,19668494864.58534,19594271262.29867,19573287062.870415,19592059270.27485,19572823372.283195
4,2,0.02,23480,9581630916.519241,9621821511.166859,10050909573.7254,10663252988.767532,10828401114.811481,12478717914.383442,13023161783.352585,12925365985.425352,13066200063.63109,13035032055.656061,13298418853.474363,13126269828.71616,13060320008.209288,13061802778.639515,13606641574.458338,13791473966.34007,16905527425.302713
5,2,0.02,20222,11677017296.71211,11925457516.899586,12317856991.88804,12485316248.380259,12953499169.09787,13014800544.14446,13060623735.661001,13091299581.364714,13549208070.30726,13840829880.081572,13568412344.141836,13967860649.971771,15124790376.735361,15042230817.968676,15196924979.934778,15239998413.245306,15169498616.44988
6,2,0.02,17643,10929250167.575972,11050543799.102365,11429974367.742258,11915008294.416674,12225758337.376783,12376936749.560596,12815507492.858398,13094300310.058735,13894275078.544537,13756767242.101196,12923090122.910969,12858981485.020805,12821602921.249296,12688348553.594288,12978064878.280937,13190282018.200651,13216384560.27335
7,2,0.02,17515,11937255938.300539,12159173404.431248,12479945390.732128,12772437480.396566,13026465917.734003,13131303200.438046,13139322614.843493,13222225312.418503,13427653275.086103,13392824601.638094,13495676288.864334,13569784644.591663,13785650628.950817,14923663545.64818,14952313601.671057,14923365722.04884,14920087040.036863
8,2,0.02,17151,9207043915.927841,9449776515.009928,9812396596.939281,9885925126.749039,10433056343.968344,14371992873.857937,10784999877.10574,14554263788.36237,15203740232.738335,14869040558.47125,14836174949.569843,14768052185.697935,14927048689.359722,15113050162.47887,14783553930.160885,14729689112.871475,14315006977.14735
9,2,0.02,11737,9824292623.780775,9919870966.016277,10622736066.476902,10830977884.991188,11160675970.883343,12086051938.60201,12074884317.767527,11913563804.562765,14610634090.919622,14771732506.973879,14919201761.806364,15025983207.963045,14956637226.014042,14875374207.43406,14884598925.305143,14856459580.56868,14542051839.563435
0,2,0.05,29354,11971477970.31576,11994343234.8363,12136467660.638731,12302560739.29787,12579154538.951008,13833098515.443855,13783408766.921114,13880749957.831589,14354855571.557386,14719944391.111795,14644921102.032532,14929754816.393291,15033253876.745604,14942010026.754982,15073285275.798376,15079421788.42375,15286527463.034908
1,2,0.05,29009,11838065946.558752,11802298275.748173,12178597709.500246,12858684134.936813,13678686646.675596,14072753106.88686,14246655374.333994,14229282993.28196,15579296953.720148,15251569328.767206,14610949883.049463,14628581198.114752,14716762180.885927,14958694452.663158,14910469948.229982,14710970962.299957,17491166780.15171
2,2,0.05,25789,13346630613.894629,13421940599.22779,13569742971.150291,13581137427.176826,13642497777.572582,13904092233.993248,13912928225.064034,14056409972.471117,14530508478.663612,14531322758.897444,10866834697.610888,10662343966.034655,10654085915.649899,10799036688.264048,10830233856.076176,10793638721.644318,10753861153.380405
3,2,0.05,25097,11563426157.201588,11767244123.161304,12437693032.43635,15060303718.915037,15467887870.911228,16030652164.29307,16072550588.37464,16295291483.95667,16397758178.34325,16716821050.047462,16784326359.11953,17020540807.217922,17657106296.20038,17528493005.185165,17262060611.32816,17287902476.404163,16964765671.042068
4,2,0.05,24672,12164012279.581242,12339588093.422178,12449922013.581575,13267303649.144686,13503255458.90965,13771251259.71025,14001439008.638222,14340001685.758585,14310649968.869278,14338284727.959183,13679811284.102627,13439367098.017202,13421455262.85597,13394472570.14243,13336195917.360367,13571413007.36783,13620212330.277393
5,2,0.05,24275,14478146961.167347,14518920034.760874,14524998108.876554,14441096422.105755,14488911374.871336,14656494017.744848,14942792976.284039,14729662989.732296,14725101316.175255,14985595456.033981,14805971244.968403,14783895810.901901,14692834269.126247,14689640684.671026,14960241157.265392,14945390836.342304,14897783486.059914
6,2,0.05,18556,12353179471.939732,12558497977.215223,12945072801.140963,13478672847.197502,13638326194.539896,13787384848.89861,13861882738.725773,14236600287.84713,14776858658.593868,15067123203.711308,14905622612.957054,14767523280.093105,14749285221.21023,14695184542.249111,14613299268.958042,14597812080.03596,14471185720.861889
7,2,0.05,18537,11932953611.193909,12501437819.180208,13031626666.580868,13697958821.209398,13639233646.021105,13322361842.301167,13466647970.399778,13489473436.145586,13562322992.94872,13760278900.047369,13768429764.975634,14023478185.41359,15621104178.576464,15942635740.555504,15983166195.394358,16083419930.124636,15807522564.56801
8,2,0.05,9411,12228351466.631205,12156241490.441147,12621481925.379309,12881553733.783367,12268965164.48997,12567711750.051128,12861447479.607513,13146672551.365738,13818019523.064724,15522633722.551107,15649391022.555908,15678599141.537373,15643922472.09373,14712460871.351374,14660031474.850609,16940561394.856848,17064445102.100456
9,2,0.05,7552,9585284240.98133,9950822281.453053,10142018049.896597,10797436212.700064,10947451037.786226,15062316713.103481,11470226478.659885,15385888909.79611,15759427894.684404,15747205434.091303,15765442027.475346,15422774545.552877,15699225981.248169,16316328147.452759,16476140830.280241,16317088790.781183,16335657545.167818
0,2,0.1,32466,11154000260.519896,11275328296.232227,11645735740.695848,12030648839.730862,12913265291.075766,13216495054.278643,13917105235.485504,13579120863.006304,13938863208.163155,13638308233.433558,14088788147.308752,14061212198.727102,14128290248.252583,14667047296.617424,15069276446.637093,15068492993.289877,17969619305.674206
1,2,0.1,31290,12647954125.592892,12614872618.492214,12963853095.337673,13125072347.192074,13065423283.102913,13097809336.919315,13708295203.395737,13801294385.425604,14599133392.997055,14573042619.3079,14907901934.65681,15020842789.981638,15225263636.771374,15078594421.938026,14753055317.480074,14698583550.524649,14406669490.901466
2,2,0.1,26040,13289900218.211485,13353605606.314962,13465589905.045292,13841957463.934507,13970543417.72103,14196272176.273888,14636718958.432144,14740100035.453331,14916028817.194347,15260790462.398006,15542225239.021296,15431908900.864359,15381647363.411268,15183373241.466742,15147747665.174164,15115725698.498919,15025165666.90847
3,2,0.1,25535,11133757929.439003,11603212254.262508,12374994283.663425,12930809157.184374,13425694545.58653,13724079500.72506,13893339045.701807,13930746853.411673,14292815267.299353,15035609805.490545,14756460313.312523,14798958048.880735,14805884659.586357,14838364493.778154,14770589847.55353,16946618479.035612,16759906045.207813
4,2,0.1,23967,14068300669.076645,14310896574.21201,15471989785.832668,15617948900.90225,15870348690.890724,16001674621.36741,15911274469.749344,16037123472.352398,16216715446.00742,16097852856.402674,12666937114.15693,12108207769.078426,12053605632.486208,12022186813.830326,11947618231.0431,11934237184.573544,12094751120.074392
5,2,0.1,23753,11038907329.822515,11090721517.101036,11302089953.32173,11637671224.008753,11922750538.605677,12433995174.863514,12606424461.93271,12461852107.889973,12568194544.614382,12560300665.054747,12854317757.812107,12973736663.628128,13145644659.446075,14217120338.813457,13975773368.016376,13876540812.35658,13883501210.893766
6,2,0.1,16420,5087194546.379364,5103623297.26935,5197312143.60242,5259405750.267673,5307835355.446573,5288958654.337538,5329639006.640308,5299997878.466417,5543169217.242518,5546990864.665473,5594655922.253627,5641844087.560994,5615311580.537677,5550177742.203294,5568552809.489128,5529205033.780647,5535945153.772398
7,2,0.1,14315,22687735339.936054,22777136615.455017,23544889079.25886,23777842247.43685,24394531425.212383,24569855990.758736,24447543419.829666,24580644766.989685,24564390906.83066,24785321947.01305,24276703663.03324,24325707189.71548,24996266348.720947,24474322890.721615,24367298106.22729,24331431442.593586,24273361565.053024
8,2,0.1,12150,8725585218.62867,8915020839.752354,9296105849.528885,10564285439.54975,10568032104.449293,14876302814.135042,11350362916.400068,15679863995.162464,15963251753.60156,16167092457.345877,16344251233.963428,16361422221.192333,16403656668.797964,16403515488.668478,16361338053.221691,16302175057.247879,16279109435.983938
9,2,0.1,6316,9520329349.975204,9671584244.447432,10096199081.32734,10711448386.305038,10835195256.15023,11140206985.861855,11368760855.7795,11350575192.969898,11511616745.824833,13171176213.300682,12570112077.548965,12609926980.540947,21014800740.37135,21019021675.001366,21286466988.36646,21340431753.684673,21245414037.798897
0,2,0.25,24967,8316588413.768735,8203156530.679077,8949174170.502895,11776577379.410343,11808156319.066837,11808948372.054268,12574878620.643599,12691081674.734825,13434904757.533506,13256032258.066942,13639329041.965837,13518132291.287806,13441380425.366808,13689783374.606552,13602446108.723526,13596782871.55085,14235863036.59052
1,2,0.25,24668,10793007199.3791,11097953951.170267,11473522898.393656,11856188032.477806,12118992384.037523,12316137964.80542,12287496906.366072,12456227871.907167,12443980960.6625,12632347242.002613,9025027212.241236,9041380581.857943,8998489333.931503,9847461263.235023,9829615634.319677,10603656055.971373,10550096663.618168
2,2,0.25,23473,12139992132.051208,12582247014.594635,12923225161.414528,13053216992.8854,13402305872.632326,13467504767.004883,13742501806.16261,14223330905.148226,14435258931.835058,14524565164.668541,14505963642.931652,14697180651.557669,14661524972.3503,14838258503.998892,14798344816.743858,14813840674.698112,14565149745.671833
3,2,0.25,23065,6936397487.672202,7137021025.377333,7470320207.09724,7492201480.268236,7758936352.394398,11621758606.035347,8074566676.833264,11846635421.251196,11951055335.755573,11885791658.402258,12154314126.390244,12159059624.459705,12153740025.16986,12161161325.79117,12317011492.517273,12302865015.259304,12385724070.839579
4,2,0.25,22194,10166181084.664202,9906410245.74755,10485474754.951555,10988098987.652039,11013327983.395853,11322093517.075712,11335515282.711002,11366096364.489048,11633333095.18225,12032540058.047005,11963799083.411743,11671388869.742954,11853174500.36254,13361697232.907412,12976568639.283998,12992871749.220581,12962594339.573975
5,2,0.25,21915,11100808176.876497,11102276986.781654,11659114398.007938,11752747176.912918,11945439056.331623,12030105682.155836,12225137727.2069,12266645153.129541,13438657381.860285,14248221653.142216,13886848991.827028,13879609795.75357,13909524009.012447,13775605396.299477,14212724069.930183,14174597739.143738,14139851119.008512
6,2,0.25,21071,10577615480.445156,10706551886.559149,10830606871.460346,10780658640.584507,10958496714.448751,11322465546.14462,11710483329.859919,11705143629.60412,13053758828.114872,13037496349.818449,12531086472.205973,12628475501.96827,13036870411.841236,12996902748.880985,13156935091.460756,13270979464.739964,13262920347.839977
7,2,0.25,18580,10678593714.310907,11059312674.47745,11149493419.055048,11296990009.764647,11689194178.634943,11914152535.137117,12217684540.242382,12211148761.162552,12674182885.836864,12982303855.377071,13501438119.221714,13410039077.415514,13411317094.928793,13477867545.152048,13488571935.383238,13758627563.636988,13914624336.644325
8,2,0.25,17283,9804365418.382387,9976233232.13732,10138031187.603994,10197867530.381218,10530504841.472475,10762197584.971207,10789547414.086384,10975152364.861696,13389521742.643114,13453413603.315403,13600332775.429846,13627983709.485146,14016886410.955631,13885905246.817022,14071644132.254923,14047201492.004602,13880595952.94149
9,2,0.25,15036,9417678789.672016,9537569839.007687,9764454728.44439,11188845489.884764,11648575440.888924,12014951327.825085,12432370279.601282,13158908009.390081,13594926929.11303,13823456937.04171,13570421373.03363,13436794688.25824,13325391003.7281,12960732095.458864,13033165425.109798,13163317768.239546,12989449483.404993
0,2,0.5,28324,10435642164.485432,10600602216.090658,10943945077.312098,11258015644.677877,11414080166.066181,11716480051.9722,11780248024.403635,11756757904.213476,12163905099.6888,12426693658.172794,11716375237.961098,11642846013.537575,11544166146.759144,11657756259.06278,12128059261.403635,12497115016.22998,12365974074.071272
1,2,0.5,27170,10213236904.642431,10840577773.24858,11360301149.981726,11550010064.306286,11986532600.805729,12791034124.117891,12654296382.278835,12729832847.262955,14496254819.051186,14519965933.910213,14855368597.3742,14939059505.50604,14867080081.367916,14815639852.640379,14729779567.214355,14631594139.651186,14502699660.30662
2,2,0.5,25032,9197054615.839796,9408335116.593897,10226187810.060593,12689423597.080933,12813824744.773722,12998749615.463816,13126527008.884075,13275953764.664768,13431635794.84783,13415799520.554314,13132587735.494234,13013110517.380339,13008592446.901983,13088551722.353176,13057368131.965628,13015281722.4924,13148760166.319275
3,2,0.5,21664,8995136204.080114,9158814098.765127,9534706345.462318,10075695912.042952,10081600530.784145,10167088615.941032,10242288221.702734,9969992070.719032,10005096865.55882,10220246505.42636,9969653964.104334,9935281883.862251,10337224702.470955,10254120031.394644,10405435537.391096,10613103252.857237,10682552614.252459
4,2,0.5,21371,9045592220.69541,9132240427.1328,9308325160.727108,9493935233.797611,9938717496.035307,10103689797.276613,10256356737.712421,10339739878.504013,10709230860.899488,10818310632.322517,7268995302.125983,7270683401.299821,7251023122.769998,8134154364.857549,8315867581.915926,8263527699.920674,8300106918.481262
5,2,0.5,21059,5617156608.3381605,5479231128.958187,5520586584.889285,5696492058.9185095,5993376091.138884,10032000396.862333,6334300908.613055,10335129594.347603,10365929222.555244,12245270424.959232,12495787313.65212,12468294107.689087,12460255936.266426,12501806378.175362,12456891368.97717,12529368787.783655,12350717921.350359
6,2,0.5,18310,10176908841.026323,10296190001.96651,10556554788.217402,10700178677.948967,11331587907.675863,11641840507.541046,11630197518.616222,11672874586.02354,14495931040.755455,14654522408.84079,14698548709.172012,14710800919.297306,14749081891.070114,15658563210.283354,15629439395.264053,15636678962.179716,18668810674.98892
7,2,0.5,18067,10177906767.072296,10363448845.37568,10470153819.960012,10601855495.2909,10913055078.75547,11384501661.53864,11387834985.7178,11458690106.27225,11768774446.93473,11926793335.208992,11956226217.69435,12171671347.852703,12412030690.360477,12607212851.587845,12681912484.9569,12716695188.185093,12485650619.789679
8,2,0.5,17167,10344015359.593828,10428963645.650326,11780552099.854065,12443708569.19251,12716156500.486368,12999860604.34009,13904773043.797197,13728115626.335531,13856443530.673822,13815597029.972483,14298751586.431038,13684316132.58436,13977426153.08088,14052378257.070055,14113109456.232151,14300437528.172674,14344024233.857021
9,2,0.5,14088,10801722668.45927,10986439021.838705,11663843779.932577,11729959321.160503,11819671308.231773,12374286378.053665,12963771969.513643,13170542864.77503,13145916059.999113,13305677439.225435,14126772163.736433,13953827797.221207,14148879456.248032,14097843209.734665,14119990499.585535,14250248559.20809,14069513605.462685
