q,m,s,nqs,1997,1998,1999,2000,2001,2002,2003,2004,2005,2006,2007,2008,2009,2010,2011,2012,2013
0,0,0.02,208617,12699816038.897053,12810187975.98382,12981488894.683125,13118906529.216377,13079817063.991634,13250083143.701519,12966482675.619295,12971049528.104696,12872444767.373667,12919757481.469604,13079713682.04366,13112603345.575886,13003090926.193193,13085530357.303564,13160194159.741665,13419324303.301552,13669337766.013407
1,0,0.02,2285,11130316730.001917,11380527392.78735,11700467758.292551,11977871715.643898,12443787642.051558,12954374184.702904,13053730988.922398,13077479125.085596,13247491661.524698,13726158549.588688,13533279356.405489,13511569410.509335,13595584758.202396,13999933524.047068,13989265598.482683,14253384239.613182,14511232468.138268
2,0,0.02,721,10935687966.81633,11268299952.406994,11638765918.320042,11954990922.817286,12280891480.16465,12490238633.57154,12607435828.535267,12861961136.392958,13656766341.720493,14016229099.90249,13945185918.864113,13969519779.78908,13755004458.74985,13866216569.738924,14066054847.470724,14234011597.402119,14392001064.460693
3,0,0.02,311,10367295502.845387,10776510840.428396,11226139584.237034,11552111765.714685,11884914709.811508,12427793511.15967,12841499744.662815,12848034186.73946,13584186342.116009,14029066214.440666,14464528619.76094,14185583942.366905,14064992619.162863,14434946451.350086,14886139489.329245,14747479775.07732,14380119107.208426
4,0,0.02,159,9501653388.65545,10257772416.473694,10876303716.422018,11792021739.80016,12376293701.175749,12249209030.203058,12914766731.212326,12919337729.086409,13566359386.711489,13801288433.540998,14082255014.631111,14079070289.08929,14318277271.550817,14347421269.59935,14518477637.473633,14438315319.355135,14201308971.466173
5,0,0.02,83,9948513933.357069,10501110856.185759,11086864549.702091,11747546508.982178,11757413002.57598,12051087943.857943,12468796462.22153,13225840762.838501,13093036917.280075,13145957299.072523,13144770871.265715,13313768651.17347,13194013664.47011,14293762806.055628,14031161052.14142,15963594075.197575,18855596117.010704
6,0,0.02,50,11507942645.898413,11695385901.822023,13070345688.933489,13952462472.11078,14000824527.11536,14238183626.648003,14616929371.48641,14716061782.530075,14698846167.139303,14635818032.00788,13884577591.961044,12819125778.997143,12580498957.781603,11956366209.170877,11802968890.327488,11754302950.648016,11529994808.982637
7,0,0.02,17,9788603846.048,9789012660.850632,9861980378.4545,10709152432.427687,11420214677.65146,12549296275.017145,12582402253.829521,12654842132.163618,12661783379.720732,14341358293.979986,14401569550.951149,14394041384.050097,14360055881.408443,14401368802.749866,14404830216.877914,14402766646.120602,14349261498.304237
8,0,0.02,7,6640273680.151181,6660981303.407588,6674302174.332359,9118368277.931522,9091348749.418093,9035107393.737875,8952319683.153522,9030471586.99898,9109599648.221693,9144361095.34374,9138397972.489761,9176153798.578285,16960996093.740797,17568421635.02221,17625655051.642483,17589119566.922195,17131350688.967604
9,0,0.02,2,15474237190.923513,15547694516.68922,15563484669.866892,15631947047.252024,15645194426.324406,15634917751.143618,15661187505.006094,15585843688.603569,15485391478.989378,15432790097.819775,15383747440.213203,15264606920.991903,15069163187.390606,15253440440.91254,15285163617.380877,15211781251.785925,15182571146.90683
0,0,0.05,208149,11908374078.63971,11920341885.231157,11955234703.091705,12053953765.814804,12048537532.325129,12122483829.72963,11954953642.506533,11930671734.188416,11839908373.632751,11879869219.995005,12025144895.376047,11923634138.732647,11709053939.489666,11959268581.164282,12155969371.363926,12308517314.663248,12535137389.783089
1,0,0.05,2523,10246303303.482594,10500726217.497276,10859367560.947449,11222706080.87222,11557770231.135035,11757998891.126202,11870823295.510658,12120416172.092487,12357893104.052591,12474644215.532936,12731100333.882599,12638539787.017311,12430906706.150719,12637673980.98964,12937573848.978498,12982704369.186226,12921632938.1689
2,0,0.05,825,9333160959.24743,9824269964.457247,10352974077.547743,10858315368.225769,11284526333.37098,11626063774.958542,11929904543.171783,12199686138.00649,12877952512.108803,12608113024.055044,12949335509.86475,12760454118.234142,12481742775.715517,12641434458.1508,13118083829.92478,13478954537.214474,13640501072.963314
3,0,0.05,359,8938982103.555836,9370921202.392525,9810090102.397196,9821644612.076231,10444414122.430984,11130255214.235455,11352867120.443874,11844347234.902832,12291702149.637556,12688233656.548523,13343481186.208775,13689845619.842833,13545894077.091959,14149731901.234726,14352628038.393848,14126312193.783,13291496137.196928
4,0,0.05,188,8748985392.8044,9371801281.63905,9873250486.05085,10384435716.848917,10734476680.145462,10861302396.436766,11268990745.611408,11548707834.769518,12528838572.899216,12752551848.802874,13117855257.87756,13316632248.935026,13359352393.609818,13460977320.504015,14382917697.378504,14349481378.940279,14150414628.26594
5,0,0.05,103,8691593333.237879,8948997576.853209,9210722557.460175,10359716167.73158,10712990199.385578,11404526390.90835,12112898024.392757,12614471858.901861,12806654374.901854,12719392954.550507,12779034498.33593,12483140720.992208,12190148592.780159,13023639640.219076,13417171794.396023,13445049057.640656,16299868350.543165
6,0,0.05,53,9086747277.980625,9343436215.924303,10056115577.320496,10799389644.702599,11280033260.18508,11495606911.653633,11944797939.355854,12560825583.479803,13264427503.66393,13279282601.553293,12852992262.825104,12980830961.465548,12590076920.937634,12625845052.257742,12361757530.131287,12312254212.158855,12149291623.244345
7,0,0.05,33,7947655547.808627,8137261463.552042,9226982498.004272,10676909781.919764,11613149699.104942,11838458262.73138,11966618064.246607,12246754912.423746,13020910652.00853,13283737020.731995,13481384223.22743,13445834810.18167,13038250631.825855,12779031486.067955,12794500523.397497,12849685294.687258,12671759938.734175
8,0,0.05,10,10159496222.70903,10120333883.302887,10295639300.859915,10477342977.600235,10515058766.203983,10475884541.56155,10400488154.42537,10673562743.767431,10691267402.309816,10918998019.78051,10998871592.173128,11030329018.06785,10862508510.37939,11068105157.302664,11202129673.032183,11227315132.820652,11254387818.0566
9,0,0.05,9,7702355545.49363,7679535513.1541195,9138314385.81509,11743234428.483109,11817760387.297173,11822416221.327784,11657074306.753593,11954279433.493042,12212958363.430626,12337666347.965752,12277310220.204344,12485935096.358688,19478073623.93299,20436057886.279076,20509271617.983543,20683075194.041794,20057215500.684734
0,0,0.1,208609,12723393911.084354,12924752443.889534,13028157152.781513,13177448878.841034,13129417542.359941,13300417221.718372,13072881404.156569,12933054374.943842,12936304974.345644,13078214429.376945,13302323501.391815,13242279161.294994,12678242468.593826,13134356244.494003,13428526646.800138,13658524307.445498,14068179977.29778
1,0,0.1,2302,10720583615.362867,11315357068.943241,11639041247.410385,12267625298.66029,12571357864.464565,13097049331.269993,13082009419.082285,13269205965.799334,13449226841.466326,13676628189.164871,14097510852.8605,14105235339.84923,13660022144.329899,13973950840.681337,14305798804.115385,14263022202.899992,14197935913.23633
2,0,0.1,698,10180194723.286167,10667255596.543705,11175148600.413149,11695296271.817001,12105734786.546974,12504337765.76715,12690804164.97428,13061533735.253609,13743551464.120071,13981620789.656216,14381078476.022408,14531614405.77292,14031931800.748547,14327762741.875574,14856245976.794756,14896146371.026907,14599441123.637144
3,0,0.1,316,9306587421.428503,10039616598.160189,10520609743.342318,10882526844.538916,11645928337.11694,12143693092.736643,12449668911.062092,12925898200.336535,13394570274.593102,13983686456.181889,14970946969.457582,15399498379.166006,14441962177.980001,15040123648.235937,15366576334.577879,15705681470.411863,15051390170.3052
4,0,0.1,161,9237723747.908981,10201373453.260496,10882923102.68478,11685076242.403337,12182557204.66264,12080239975.743935,12351479728.67871,12788798308.167042,13791892914.776495,14413996519.180107,14486156978.978655,14649240765.717192,14436237517.098082,14821849992.240892,15549723973.757904,15106631136.541088,14608894942.883068
5,0,0.1,85,8881988310.125465,9432520148.522806,10116936605.601322,10894754134.351707,11077357714.460293,11432172833.402676,11824563168.428104,12822410475.96433,13142740853.889603,13727819766.178024,13833353522.68888,14279559462.097595,13691610080.198683,16136203435.155611,15976763753.522165,18130052883.255104,18064374064.418102
6,0,0.1,49,9421112679.461817,9640646013.993069,10820023614.263777,12070175647.291775,13031467537.705898,13390891098.616716,13865733442.339846,14436811618.096733,14522114720.767546,14815834520.83009,14980327134.462614,15028966370.005114,13846375369.002434,14103130375.240713,14124307633.488691,13624693436.198347,13217591145.95137
7,0,0.1,22,8791480451.252996,9086004756.19042,9477299230.48771,10501830058.123138,10623799572.537964,11724810920.511591,11560240112.376686,11699190445.921925,14958996133.891518,15338447597.076103,15014458297.732601,15309385463.733053,14701730960.90128,15295847040.638514,15537816314.53992,15512492002.018757,15071018055.455301
8,0,0.1,8,10392681179.238894,10329346499.877926,10523030733.26444,13638151608.899776,13607929341.689896,13252213464.935978,12643656369.757607,12885812502.5133,13395259892.234627,13579687559.533585,13601242168.730478,14050829454.094019,12992679867.062054,12595880652.429369,12758510080.564112,12541846919.61067,10707417515.030436
9,0,0.1,2,11690123700.286497,12225013591.369537,14198284886.37232,14457428698.417896,14313343018.19803,14154356564.673336,14356001506.88338,14855486725.483028,15011113580.269835,14874804437.656876,14693178143.015789,14124264400.226738,13456592844.466377,14082745105.57733,14173821689.701979,13937699127.534645,13977832529.128557
0,0,0.25,208398,13303262036.925165,13667452845.581213,13660020081.239088,14226162321.238428,14131641235.392576,13984016593.92308,13581677851.303259,13630025007.57686,13764319665.799185,14198489866.998554,14789125837.753487,14730007336.521852,13417371131.466686,14188811755.940796,14587015112.361847,15110400463.505545,15445014692.587484
1,0,0.25,2413,11014388597.211086,11671408038.56718,12260674625.039532,13077326225.6598,13463354862.191837,13871055420.876266,13862822052.966803,13924206826.43766,14160000220.985748,14973239780.290878,15562535745.301105,15692250877.783018,14360021022.894342,14957692837.967293,15819610041.095505,15781061370.862822,15837845744.595425
2,0,0.25,758,10630812133.163855,11106594383.189558,11749245724.81949,12670944642.136303,13009321562.669159,13447740412.060486,13223820652.95843,13704038820.168627,14567603101.39063,15335455034.981335,15505633746.293732,15859641605.383614,14324488213.955517,15293063752.087688,16598654634.914204,16692421071.439192,16502681449.93349
3,0,0.25,341,9034738205.613712,10157551576.299707,10513297519.413008,11098628310.694096,11802699425.198277,12578899568.135952,12899445706.027033,13765092582.430288,14419583290.606495,15724839398.11383,15987693964.162666,16419336933.948973,15252350770.86928,16382792578.518583,17693304372.16882,18148628533.886585,17880086724.847633
4,0,0.25,166,9455767513.047153,10105721585.271198,11069408142.582964,12902059806.93861,13268039012.152485,13339689361.577578,13511135127.10726,14370550018.265507,14697049236.075165,15650652815.536396,16384139710.845175,16540893936.356989,14987590228.107746,16072593507.11145,16645029786.976465,15690040504.41321,14855063464.247042
5,0,0.25,89,8632030853.550262,8903348875.413078,9933338213.428114,11080387586.402723,11212417067.559134,11767620042.40582,12417321309.595463,13785166822.28702,14748622814.079958,15711322252.344973,15866500763.226353,16839272776.633163,15393715782.214584,17586046224.83862,18216103856.01306,18475195467.752197,21033318488.55211
6,0,0.25,50,9859430270.263857,10440532278.055695,11011679798.532986,12716341811.803078,13870292901.768843,14286683063.374176,15009805783.832287,15804304563.08009,16404317194.53763,16862905994.832447,16181355409.24049,15895052593.986174,13143771688.832653,13411646691.485231,14135252592.288492,15895740961.370546,16037792078.03902
7,0,0.25,26,7901626390.908919,9037911999.853148,10161496764.079073,11855917211.430758,12445844557.298752,12799908321.097458,13706023685.501366,14955309147.976175,15124168262.322966,15099458980.474638,15257806691.930641,15138780034.297197,14071944328.411674,15167565775.561172,15291312703.569496,15912909859.40453,15401558953.129633
8,0,0.25,9,8415690610.365908,8011952197.178326,8361113234.081619,9555403560.261831,9564729173.86131,9678731886.935362,9683014287.785646,9322481516.186148,11433135522.402454,12334619672.248129,11841933051.263483,13481780524.622404,15873621349.328064,20585514942.56842,20862456575.488873,21500873019.89502,19195772812.241833
9,0,0.25,2,11056315924.200708,12464245743.139486,12863470708.39939,13306073317.320192,12956076108.27259,12529683744.872326,12877364905.988436,16551060314.550686,18131591946.41563,19436554921.389572,19148387981.840385,18150433267.510937,16712308665.771345,18502746245.613472,18736635422.400208,19248879065.416355,19685960218.25431
0,0,0.5,207524,18619342864.092175,17810261632.15267,16540137917.043804,17500202301.979084,17194820438.94146,16761754300.090372,15464775004.945198,15203422174.047564,15387112906.489168,16196930482.21663,17217574847.11212,17219833551.731804,14641558155.416601,16015347882.077461,17193416310.216957,18290006753.16159,19666189782.03073
1,0,0.5,2868,15469263704.66872,15507347617.229023,15737035372.434618,16981391568.289106,16643830962.167587,16714616806.333755,15665923598.61886,16050228395.712618,16069857052.752247,17199507750.504467,18085191380.521824,17818863742.843468,14890398173.490936,16462861649.16232,18670313981.604053,19413734561.749176,19586260978.250175
2,0,0.5,959,15405358842.887175,14928543704.731207,15027662790.573334,15730595059.47766,16114349989.663927,16287872473.729692,15452554889.142277,15927029544.33403,15813773704.907518,17187000447.3392,18946527842.057255,19577303843.86812,15271881404.41429,16450255506.238981,18351292874.490005,19997754794.022934,20092313577.892704
3,0,0.5,430,13260712405.894316,14091355969.729347,14568740924.794155,16299332776.276491,15022540442.048014,15524374078.210573,15575298361.859026,16106508123.735983,18124088407.538372,19118228111.93107,18916647502.701767,19387745256.94207,15229311944.469152,17120501470.777346,18863065006.532204,19046361470.346825,20292809256.62682
4,0,0.5,220,12796868200.047613,14970827368.080326,14637164962.433315,17024348802.038738,16676974837.86706,16382572555.523085,14786430421.356936,15715412433.45144,15493630231.961609,17682325593.232216,18290487111.379513,19029468609.45588,15689769378.811432,17613652195.96505,20315049846.988132,20567944043.118626,19268027651.767113
5,0,0.5,121,11289272173.18321,11807143503.760607,12691052217.825157,14053926991.19941,14983238157.675797,14159124933.510033,13210535664.635286,14744695924.690998,17172349417.069077,19853582606.33936,19835936895.511536,19996320378.757828,16261201073.13911,19555102952.82152,22838450001.964146,22593236773.926678,21639109973.901836
6,0,0.5,70,6357558636.776804,6725290925.681124,8266535920.529112,12519326741.916567,13032978446.841303,12232517368.051117,13057204658.919294,15005150218.644306,17225874431.256958,19800371985.361996,20829432309.45003,22450384092.619892,17953539038.4736,20119372963.024242,21782815142.354935,26713992623.717247,29596322396.958035
7,0,0.5,36,6972323944.932674,8248513115.90838,9190130771.14246,10057193536.105532,13751059273.09679,14508779282.026266,15429271745.102125,18072329497.82188,19218793933.817787,20943801786.270737,20487631118.78364,21685870204.797905,17827882219.6241,20243661308.98782,22130949289.876953,23607495620.571415,22476907304.970467
8,0,0.5,16,8420688802.242167,10196970988.053783,10378531162.280006,13358398448.228794,12850353968.032326,11575803874.16237,11626360658.936823,13057914533.549713,15544883189.720936,18380111853.1586,19682970512.791157,20479123032.012093,19317925218.640564,22070937095.78285,21728407046.58339,21358413880.945274,21756439823.543926
9,0,0.5,8,21456881585.7371,23096490193.02434,24149758315.467743,27296255897.515053,30507295869.941227,26992206691.67404,27298211594.660957,18457354357.21306,17435676204.530983,14066943270.126326,13394247647.159565,15488608207.806835,8702153907.591434,9149909945.873734,10945511244.41338,10738666960.941526,9366645535.79031
0,1,0.02,208344,12071132873.20667,12243384545.299221,12335127242.40038,12227277080.951334,12297731508.527184,12430345302.425413,12276332314.687351,12312628286.267551,12195034042.728674,12097713078.930803,12179088601.27795,12102182079.880264,11984066101.665758,12117647434.991505,12254332497.568336,12413066742.034573,12739666210.63123
1,1,0.02,2412,10379854464.06919,10642904324.191675,11035185422.84952,11313884868.89978,11719785284.33174,12182077514.976952,12364424683.3621,12322419345.638367,12562139200.83381,12965723810.989206,13080958590.220577,12873560858.591524,12902899422.82916,12996892173.16663,13001013480.346973,13001458038.890366,13013469541.648703
2,1,0.02,782,10203024920.930805,10652892438.936129,11180542472.372755,11378005910.309057,11522735223.108599,11819525417.840336,12115573337.521612,12243004444.907415,12508783451.465136,13217557825.452919,12852693735.03762,12983847270.994783,12879134488.40253,12622607778.051586,13113105692.567314,13279637628.96692,13513781808.77513
3,1,0.02,351,9269662531.273462,9669730075.64287,10168922110.265429,10656351529.771433,11060158179.289654,11677224219.849083,11894823216.44366,12071184832.514435,12525791813.890636,12897108099.412317,13372779242.626513,13803843012.433971,13814776343.844929,13986899671.900084,14184699460.964975,14110168995.302177,13384281846.450872
4,1,0.02,182,8748828909.261766,9007475889.2251,9481798719.157629,10145845016.860455,10892997337.89431,11084455373.797382,11374579138.06139,11625439689.028563,12741138748.308807,12976651282.048992,13337238430.459547,13532340378.732695,13767571912.125633,13849766343.272938,14756584283.51131,14697832156.8601,14609172624.985111
5,1,0.02,95,8392146034.574978,8954713773.760826,9873885543.097862,10761614975.093182,11052285586.893213,11779812948.287693,12761434690.186451,12916233324.48099,13503959841.002527,13272870579.196953,13003797240.484865,13213421188.386835,13048112457.314194,13832252083.86139,14161467525.908094,13867802709.828098,13674802846.07014
6,1,0.02,49,9895420134.56181,9789907118.803616,10119693307.499706,11235533587.072186,11809066696.55782,12444196954.681812,12668958399.89701,12716427666.877642,13281156661.704155,13338571650.879244,13223249839.675373,12899460076.5797,12710263320.55986,12006967595.60603,11561329547.465837,13727047454.899042,13738035127.352715
7,1,0.02,25,9496907195.793629,9563199416.013664,10430770681.832165,10871426672.20898,11624732065.253145,11666496881.1927,11678734731.598297,11726601347.800304,11721670143.608982,13350188419.04278,12755102593.95081,12708876999.785017,12595280976.615017,12609699195.248083,12643018838.34535,12591592813.804329,12421698223.322626
8,1,0.02,8,11445025671.158798,11483828672.372427,11535670171.448822,11666161006.968615,11668742714.280973,11618331691.498049,11592160221.945309,11683580337.465828,11723246672.565222,11777929523.376741,11790954565.799276,11794141907.441233,11627923814.391157,11743449375.871975,11782731470.157948,11622336695.87861,11341836310.548141
9,1,0.02,4,11447359647.598074,11557321809.361858,11741144134.110857,14116962193.139484,14100877465.85298,14039977146.1071,13979398924.807632,13978657954.944557,13997832921.933437,13973413066.792427,13942179550.557398,13859426907.630507,13729457350.451387,13805301322.624702,13804933982.287682,13795966332.052261,13832544487.944893
0,1,0.05,208752,12863063904.30269,13228451935.332632,13282905458.402607,13340914869.037546,13366006897.731777,13465795188.500784,13222001253.79278,13206320137.24687,13206268473.649355,13275140017.749651,13489475348.537489,13383753339.201302,13227896687.371857,13447175940.142525,13728195748.73871,13928060507.300913,14346936206.539715
1,1,0.05,2257,11262264439.471045,11408835830.902855,11875103996.122797,12258504087.450718,12711152699.326391,13284008511.622097,13461622173.709066,13566340638.24605,13805351396.219263,14172543861.217224,14239337499.323467,14113791355.529482,13814344843.161219,14073192618.836744,14370937437.401146,14701202498.35563,14703261577.658426
2,1,0.05,673,10668896095.562572,11110302899.24602,11454618737.040209,11998560219.956644,12676444716.034157,13112949451.983723,13461308611.020323,13628905206.003145,14035723693.708921,14183167718.656565,14154991554.273403,14245221164.652527,13928756625.16052,14225351120.802305,15028852049.425615,15123754884.803373,14603999659.582785
3,1,0.05,301,10551158510.496641,10985331548.708197,11424881374.054369,11607087641.764849,11832074260.573763,12508293429.306107,12640769847.135115,12971970467.69321,13750556914.144089,14331184038.863195,14833483274.527903,15004762144.762861,14942151650.834213,15032485910.432608,15055595023.026485,15222829727.75011,14798094448.27734
4,1,0.05,150,9535018577.574478,9960180453.517199,10550169683.614553,11150943768.229324,11960265128.986744,12498537419.362633,12795117146.195368,12954501160.771889,13782515392.393383,14323347151.79911,14517360604.179512,14906313058.163712,15140655516.504883,16283630901.597256,16414481554.708292,16069872886.524038,15805766604.006369
5,1,0.05,70,10658832637.315811,10856525438.518314,11861512034.265102,12740469812.713123,13182438271.181795,13407103281.930273,13635279571.870474,14211497167.413656,14579874232.554434,14813920429.09039,14840539281.187449,14791445689.423944,14203555042.756163,14058451612.103539,13586761517.672356,13364633047.64037,13280605276.868086
6,1,0.05,32,8926100095.497986,8958333604.80465,9550140901.025702,10051341892.02765,11392919209.04625,11586967633.25724,12695806690.486715,13024307889.096071,13722897613.043186,15574381953.26272,15745073361.01021,15736225556.276104,15419896538.259586,15600521359.740902,15706451884.29598,15822320489.773293,15584749808.38238
7,1,0.05,9,7626123467.22356,7631100858.26951,7710544669.656544,11459901650.512085,11502472368.336586,11225039186.342655,11100728534.985413,11315126543.941683,13668699894.909851,13850514139.793968,13975211256.94631,14042650893.080368,13704210908.641365,14006532449.053352,14086941704.334572,13971268689.354862,13841488692.290363
8,1,0.05,6,11587251016.758936,11634877150.686207,13094261838.151787,13345112891.63759,13630498878.832066,13775157033.26619,13686882425.663912,13896065397.769476,13876320868.583843,13472653240.71935,10244404231.838612,10275975424.15269,17298199195.404594,18497850561.579155,18555067204.54648,18539979346.799747,18344087734.04782
9,1,0.05,2,11375449544.195969,11651494189.915369,11725208266.316832,11804822562.257647,11742045189.84129,12634140913.099167,11727740590.59114,15486461294.254627,15741511119.849358,15876610135.665024,15802052611.754314,15581528626.98745,15272187598.12402,15611702718.984402,15645792431.510626,15655934769.59224,15732660768.502766
0,1,0.1,207957,11288067482.696632,11437942497.938404,11487285262.815979,11662902497.347961,11747340687.903475,11747592695.89006,11585992880.904459,11536822188.231783,11535716272.3122,11608454584.645435,11774626453.326273,11675873186.003946,11399365979.32101,11740087549.687313,11879422984.490648,12175810785.392654,12516803776.049871
1,1,0.1,2612,9267012361.360493,9825670957.578821,10234535438.4259,10742273894.802517,11051499197.594069,11637481513.795017,11694495855.318409,11888529847.989187,12060793754.347338,12409375747.352854,12612974360.07171,12454248592.611109,12061238824.167528,12342388659.45468,12736281872.289042,12903034651.17178,12886390777.544647
2,1,0.1,861,9182065271.48333,9326039849.905985,9908268962.725054,10374952295.588713,11037984020.913153,11481818825.964937,11278168102.220928,11598398881.36214,11872804568.822748,12830380341.915634,12518998476.359621,12778428583.620554,12138508514.990755,12618130879.639376,13105251116.86595,13379281372.780464,13207305822.54383
3,1,0.1,393,8493216393.064946,9136199778.833492,9504766062.689112,9953236087.461836,10387000052.741762,10944867295.96969,11267336890.324873,11734454415.819548,12169833775.90833,12545904966.320042,13115430425.698921,13498818306.631264,13086638810.26616,13483900200.99176,13522893087.659979,13249666917.84178,12583241864.964914
4,1,0.1,209,7968495943.169758,8389773113.753744,9138659604.594849,10061176769.290682,10492402361.014227,11019883770.369226,11141364256.15643,11569021675.064074,12216731277.373472,12956196607.550781,13382883188.266312,13456351468.551804,12941862906.491571,13162307321.336191,13513974444.817572,13293892432.86343,12928516594.656572
5,1,0.1,104,8719338782.101679,8989683104.929705,9135192736.854279,9706829724.499939,10239290716.94008,10871399923.654043,11207636817.306929,11699621319.085363,12084537606.394716,12171880266.322323,12138744850.929588,12214837275.373077,11884124866.407969,13751651693.968512,14910880389.304703,14664353427.46138,14323494922.446089
6,1,0.1,59,9051350133.448769,9471332729.336523,10209037219.195377,10656661234.564726,11060670778.574371,11302862615.773067,11345419330.01985,11891781550.356836,12369304940.10761,13077126771.74236,13127836032.3749,13099338171.058794,12016838761.897808,12050484352.18996,11549791850.806358,13771132242.574682,13718806080.647472
7,1,0.1,37,7543370184.22927,7761506109.80961,8436764591.136056,8821105652.90691,10378906774.142725,11216187570.316751,11440520698.797499,11459432891.274607,12910980324.567377,13362333346.004343,13439113029.761173,12855975095.705757,12996811923.20233,12956777787.462988,12765856389.374447,12711148670.03077,12265983832.389437
8,1,0.1,13,9048609766.410904,9232284110.858603,9247923437.808119,10855858079.543362,10847311649.644756,11453070107.452145,11716374268.922344,11782497347.443192,11859539076.708843,11922492309.830671,12100494567.187332,12209482233.319645,11319138267.109718,11895061481.97299,11868705275.554976,12044753798.030405,11677822394.460854
9,1,0.1,7,8728285946.590738,8805954743.51514,9226214787.32106,12164576560.19764,12644081188.623634,12828795519.83891,11994038452.314777,15837366968.584448,16303192782.554451,15949741855.578619,13070187192.62738,12981451541.831024,12359372104.900867,12781166275.108393,12919808052.224216,12640524331.943634,11814427194.679535
0,1,0.25,208427,13337039248.392385,13599723675.15294,13755668106.39674,14298010891.293913,14157798895.264008,14061265882.814728,13620567913.35444,13598940261.551163,13596077721.583454,14022730363.893354,14522880605.102766,14447371741.012228,13219904094.377087,13990197229.416096,14466576637.010826,14913051999.883162,15240046287.574259
1,1,0.25,2405,11020251405.18325,11628085364.340584,12296067730.557394,13285826996.684355,13502557735.109457,13844432129.42799,13645894389.060123,13926552100.528273,14242137585.917185,14939160634.582838,15667403379.973236,15448261509.929918,13730893979.64112,14726966210.282003,15437921487.258354,15643905702.130598,15829063326.413235
2,1,0.25,760,10390872718.872494,11127025988.65715,11588851135.665762,12446364456.586855,12889905896.430012,13512841638.635862,13309454634.56363,13666408726.739166,14295371966.140442,15762383606.184319,15744941806.978025,16039585894.973486,14429070436.783491,15203271273.970953,16222731930.085318,16135065581.28649,16269851586.78606
3,1,0.25,343,9161820489.177,9926136613.925333,10150350606.752983,11185327517.121748,12077360175.890242,12815496664.485746,13108848595.148298,13760765997.722225,14483110504.151436,15269993890.11972,16286166846.443274,17136304473.697962,15357530150.321045,16290655779.782421,17061627723.159105,17227647525.96529,16551039326.558233
4,1,0.25,173,8125178084.10872,8957022901.132687,9838199852.052526,11770188861.428143,12585573068.984125,13189710859.21614,13369016842.60732,14116508037.117954,15351775292.654247,16944088777.917288,16929946767.664482,16753586325.60031,14923077132.631987,16286310704.087254,17470840146.229134,16923449152.910906,16145928071.282158
5,1,0.25,79,8758848344.544336,9463412531.169483,9387505561.715199,11359976023.799526,12212655319.053724,12610894745.836384,13218186907.00209,14136607967.35725,14365466617.991516,15240960759.179163,14956312069.742437,15693428806.948244,14325860639.329699,17439000033.827957,17985706834.655712,18790291358.59081,18316975624.618202
6,1,0.25,43,8651616446.183538,8899409768.337124,10705154734.160955,11418296780.399263,12615753660.02383,13070475687.408606,13102830607.768036,14034310601.636168,15829706100.258997,17167671595.857767,18047274054.90376,17739269832.055748,14333670542.58339,14982498421.386574,15631715318.764446,15520002246.385757,13886508487.512356
7,1,0.25,14,10489088098.096806,10409567824.296701,10407565266.55358,12583500904.654985,13249103564.02706,13476734659.728413,14031955851.389994,14236793653.825031,14480342128.6889,15653829380.365139,16422293192.030403,16574067795.045341,14281870778.727894,14649960644.910858,15028996080.81239,15086705923.607946,14705954627.08338
8,1,0.25,6,5631987400.370192,6221311036.116707,9178893929.155449,9949279088.813452,10865642699.978786,11180468685.36301,10665954928.215244,12775662386.500355,14121535853.553188,12642436527.74583,10251665097.381472,10685078013.925985,13952524571.480251,18633568766.89542,18574983902.37026,18863425058.95574,18589801875.652565
9,1,0.25,2,11056441321.496128,12463910763.235603,12862995696.239876,13305438446.05812,12955568044.989311,12529336802.480103,12876884948.462925,16550621689.624287,18130512432.226803,19434744547.557373,19146624667.110954,18148940538.978806,16711246756.837982,18501034983.212112,18734814129.110664,19246646672.2464,19683552914.388885
0,1,0.5,207540,18795814073.473217,17968769860.159946,16801452365.615326,17573368024.726673,17150635470.419004,16587430378.474564,15412498959.517424,15400929521.20689,15569413741.706144,16416039493.389433,17377207855.352448,17412553959.362312,14721124696.78427,16161531696.683605,17381830171.142254,18288662448.242107,19708557782.43153
1,1,0.5,2859,15033249740.709318,15115669703.65591,15417917045.605167,16789347005.645027,16841230997.840063,16709320488.053646,15510203023.919998,15239300657.186234,15567740090.249046,17218319912.38615,18368607554.498383,18105756703.94326,15284143838.259777,17079133196.812803,19171234444.52654,20311391803.040638,21005454112.673782
2,1,0.5,955,14704942374.19242,14879262884.252222,16095704188.389078,17177619603.966707,16202097887.571764,15940788542.788675,14883180518.447042,15348621704.267057,15118232705.44567,17272799525.515022,18903981593.180756,19894490779.682503,15753247502.626085,16874493334.621422,18723846687.3835,20435961611.545395,20122812013.771973
3,1,0.5,429,12186036497.122072,14715590344.47408,14012871473.794498,14377207223.525284,14615770007.977686,16939236277.191431,16701332503.006031,16623199776.724663,15574837859.330227,17183646451.594822,19075749261.64277,20312528757.287083,16147352227.575565,18068200487.052418,20165270040.911015,20787738393.53603,20957184972.770344
4,1,0.5,218,11323733594.166727,13092878946.634178,12499444843.364784,14665753725.508547,15090584778.390987,14357172645.870588,13774201313.696518,15324911417.163345,16759263745.709734,20313854519.72058,19643023029.282593,21025612585.73911,16851795000.274054,18661892798.217247,21192018219.084812,22319785631.615772,21023550884.50296
5,1,0.5,116,9771045223.614126,10530042543.072357,11972988982.941956,14476450549.275112,15199476404.796825,14524674214.453901,14828901139.192339,16775604796.867674,18317466064.9016,20549425601.621277,20587938390.86691,19181830410.981327,15860715481.44993,19383963619.2634,22032901064.293266,21153833953.32142,23361152159.440964
6,1,0.5,69,10867336020.390701,11194039018.219406,12633067968.592207,16017078592.779358,15015732789.54353,14349398096.564522,14833283690.711504,16590478359.366045,18232425032.725166,20312175547.114388,21180503745.943832,21774207390.76765,16543768674.329504,18060720624.04802,19845449556.013817,20445504294.944386,18813767045.718033
7,1,0.5,39,11353660454.7192,13664128541.034431,15680457887.063047,14087336602.6625,18665781580.54629,19379353408.90007,21614762799.694546,20452666221.314045,19190889672.26269,18813794882.479195,18966832397.66571,18909759451.49625,13232707131.857723,14383098254.887442,14833161654.024836,15121717347.992609,14158250893.947231
8,1,0.5,20,7537842654.56565,8167259985.25819,10217957602.829275,16658151593.061047,14558908430.56457,13882948851.36974,14560892974.922138,16196622175.315434,16650925594.017092,16979161164.505835,17759005003.427876,18925827420.130417,17929878576.561962,23362850584.507416,24620250593.561035,25435677989.09523,25208178641.413322
9,1,0.5,7,10346232166.305573,9423388376.128149,9615875869.792278,15595043179.377094,17500946898.498947,18169411812.564022,17023421990.772606,15808446049.902876,20013868664.93879,24834976062.3968,24493861837.975697,30551572742.208164,21275245558.330616,16010162474.42275,17423049358.07379,17682130793.020817,13223543147.771616
0,2,0.02,208283,12071579257.826206,12270560226.934776,12458424826.648846,12403418384.520384,12409419476.829063,12621634767.649551,12332753341.777893,12271074133.649355,12264376586.627584,12165812409.245502,12297122008.870852,12259841681.325176,12098944687.815163,12316675236.577778,12488301494.647984,12645496653.199524,12805626936.677025
1,2,0.02,2445,10418302116.221071,10722690114.013891,11164957700.352932,11491857107.927555,11907807928.045605,12170040340.21007,12357551725.810415,12634398425.8822,12765240302.680035,13141383627.748957,13113192828.111012,12897535740.603083,12860461494.378101,13102148051.493893,13011221125.959621,13082677005.784716,13289666947.39956
2,2,0.02,801,10370066802.89508,10617928839.551477,10981864217.467165,11314701174.524614,11615071786.244482,11976955662.369038,12065913830.167673,12382508360.571125,13173337009.036558,13569534024.773657,12941180296.82939,12990543656.111076,12980415016.787731,12910244438.290854,13356918830.53483,13538650814.373732,13270940758.366455
3,2,0.02,359,9302719102.383263,9518943625.56368,9853150254.392664,10321282562.187334,10776362328.323803,11584724705.817915,11824087065.902605,12305185480.882555,12758966638.367882,13113314740.488058,13514828454.535429,13911653496.739666,13998346838.922455,14192486922.84486,14219348693.075386,14441349163.667595,13902649700.92074
4,2,0.02,183,10024645253.475502,10596374576.37546,11335560915.133614,11859988533.889656,12144282456.064178,12028449904.333057,12631586237.206442,12538839174.192951,13081046724.419262,13086796097.765707,13110915985.725752,13197877416.557896,13105225428.365202,13084371390.96199,13005591829.289713,12789601707.581964,12725794697.52835
5,2,0.02,91,10188402899.831938,10557120050.696783,10921031843.422075,11433915910.291845,11601577938.115303,12052696187.59074,12340910835.436384,12931961215.889261,13067399085.255169,13053908060.914803,13111033213.383095,12848981329.172363,12738107478.327356,12803327597.687124,12788484730.340368,12590405386.838102,15467919350.228016
6,2,0.02,48,10288621135.818352,10306181454.46009,10711763458.303223,11401107015.79975,11651350735.239986,11824328951.301981,12380574691.268469,12546524897.852415,13072050556.488373,13066065896.212055,12942124139.261362,12591645899.858164,13406994433.648697,12885910455.141785,12888140184.178305,12837808123.377287,12745549795.459145
7,2,0.02,27,7398842576.118155,7454851455.565929,8012886668.819429,10246968101.479351,11087436016.813257,11143237911.235449,12020856798.400051,12104792883.366581,13184076026.718788,14863347290.204887,14279048401.668125,14285386253.62753,14195410751.701324,14188583880.68311,14237469021.274755,14230917034.020075,14078256371.226124
8,2,0.02,8,8816608938.698109,8790421203.473158,8914805725.535723,11391918012.1033,11365976541.52924,11277808905.228523,11166475602.30113,11269794691.874062,11322705948.054241,11371664529.365559,11404951801.497856,11410564090.504711,11266936819.267048,11382961432.388132,11416959711.08493,11331838070.261038,11097880090.347094
9,2,0.02,7,12899747331.834328,12938697716.915781,13154352292.400717,13252573511.9428,13376827766.212315,15624651788.160694,13371698356.551487,17140500113.171423,17218441176.33522,17126199488.29418,13789578532.3928,13830855760.057762,13681141678.725595,13625919405.486488,13645862316.659063,13643958155.86296,13548840498.293663
0,2,0.05,208370,12295709976.937737,12480456429.542854,12696656569.047302,12756849422.313429,12774777704.061237,12724192375.691568,12627986671.125834,12713178321.01539,12588108621.616896,12581853047.668264,12766476593.489553,12648912702.913084,12401319258.740078,12524159004.644768,12619791405.35305,12754896629.106434,13014131979.725662
1,2,0.05,2402,10527171971.227617,10836464121.763662,11345884641.320177,11771695259.436832,12138659469.258108,12676409601.938726,12776322572.559544,12743008852.398947,12849218868.802794,13195336002.139112,13360057229.724709,13289346299.611452,13038101024.916517,13531639911.468946,13457108039.749578,13654401358.870243,13731134771.888893
2,2,0.05,787,10361377768.405592,10656957590.425169,11041505596.315403,11465753711.001114,12099729694.79239,12536774318.669704,12415398944.039696,12827675134.437458,12990816599.187435,13394877138.833122,13399841385.998331,13539812234.575205,13402846514.829308,13457641995.81393,13757708321.280676,13804914963.274069,13517698706.742062
3,2,0.05,355,8960945300.362516,9378305542.442673,9780320855.137894,10360112963.862053,11016060763.85701,11735955309.551422,12377448772.648943,12692343179.230257,13101715157.391607,13373462237.052206,14303734562.542847,14702701321.06853,14434079425.032883,14639576577.59597,14667979334.414352,14986372153.527006,14415579002.176727
4,2,0.05,167,9455493951.505924,10142864525.038347,11070826502.497875,11851444601.882792,11962405304.354374,11850046400.856127,12140901574.281136,11964646887.346699,12365429239.87223,13024430111.841717,13456941555.279573,13637199185.041162,13392094644.54657,13509781711.905222,14683499595.736012,14635830576.237543,14356998668.702366
5,2,0.05,85,8589066790.716856,8868843662.361837,9461640908.241348,10378487105.212898,10592799701.435177,11187182273.009808,11812291465.687738,13047206772.910883,13208461048.011461,13352450713.238482,13189400800.46647,13720128401.227978,13416241468.70272,14700748054.998642,14971694172.432407,14881499667.917614,17879312343.833755
6,2,0.05,47,9800050114.071577,10169230178.193039,11067523541.76381,11578084882.465609,12465364215.534298,12985596492.271414,13388992761.242718,13755306819.704193,13780334934.9847,13943256467.865131,13874589708.39255,13041401730.670076,13421662266.449093,13488206239.830938,13356027341.724491,13328091903.755459,13118012894.899761
7,2,0.05,25,9600863777.461145,9678391291.073046,9999680574.10525,11608787867.720387,11873893809.215258,11820295071.92835,11900605976.56711,12213028254.665092,12229140170.15808,13928423978.675264,14056277295.488,14045724657.939716,13951280994.801489,13995175297.113657,14019208740.80714,13755593412.362476,13594816190.535973
8,2,0.05,8,10228195899.063194,10303183721.99228,10372949982.935545,10664993307.719069,10662207600.859108,10577784316.205452,10521718887.399834,10669079681.985308,13000274838.298534,13285059915.365477,13422071309.059544,13557278296.846895,13066133737.558748,13440779537.550587,13556801090.068129,13570385639.399889,13495947209.822525
9,2,0.05,6,9411878276.487362,9270822460.915482,9191013877.177525,11809173020.29636,11902678575.963146,12838519490.917847,11648436773.950607,15373198097.200844,15554387427.080965,15753744151.256563,15673657508.807037,15827896612.093493,15288535932.128521,15306959609.915428,15489191030.041874,15585264643.696487,14837835729.489754
0,2,0.1,208350,12280175954.17631,12458480252.221832,12499763324.424414,12685865975.539055,12673922737.761042,12805859221.503895,12513017867.29926,12477762120.795877,12493129158.611599,12538547694.109581,12781842209.520226,12632853456.950588,12127588034.246225,12499347339.83467,12764581670.42821,12991382724.354246,13245762723.949581
1,2,0.1,2421,10217322105.309591,10653303795.438229,11181050704.16595,11637118984.174358,11973567485.899109,12485991869.23056,12614508575.31376,12695917271.267405,12916244758.738178,13388053231.083805,13616354472.205109,13590058392.59864,13182360065.38516,13532427370.791773,13462391906.577227,13470245740.332897,13744697356.62184
2,2,0.1,774,9701093275.781479,10316901293.508339,10794672057.382164,11170209732.63441,11715122802.041174,12182978323.02808,12209420902.250732,12551259857.571833,13222112985.782621,13486081130.483763,13625713817.153486,13835676808.615547,13252822686.230947,13272540260.133034,13925795531.843353,14334002785.96789,14643623987.5463
3,2,0.1,348,9011522679.80017,9641383820.763927,10010724309.054646,10151819184.268015,10700551522.85925,11237615185.324738,11593673881.16298,12131048664.039541,12979986585.880106,13291170132.61239,14539784793.82041,15039734945.483772,14437410895.058056,14791488320.005724,14757270457.842937,14987854155.075806,14441797312.058743
4,2,0.1,172,7861583084.642491,8790683865.533989,9629970547.26523,10564432628.885561,11228088763.83143,11356036687.128412,11857052967.798811,12543022210.558556,13493404119.95687,14095894625.008633,14185277962.015825,14340518589.973864,14019340706.439768,14453335253.262287,15617390517.859488,15382589460.15585,15104128404.343624
5,2,0.1,96,8117907533.718953,8922296535.865702,9927038365.982296,10912177638.409678,11415571692.40499,11484696394.204897,11827265628.350313,12958403492.299992,13554473801.300692,13696376018.793392,13786788620.990435,14143745870.078,13398453026.057701,15658777264.77582,15584310569.532291,15058250775.112947,14762471534.294352
6,2,0.1,49,9010731970.247757,9421172654.106256,9893895090.663864,10732454643.540194,11302117177.772259,11703118233.158598,11944965293.99452,12534149179.459267,13195207837.052345,13901941467.39573,13775188350.007483,13683071114.78819,13363903851.047583,13603447246.094515,13265380718.594442,13587525586.10828,13457837380.716757
7,2,0.1,32,9242439658.475262,9790423497.683443,10587811531.027653,12459340698.893524,13034109097.720352,13905790390.276768,14090279120.744457,14432191903.944342,14300296202.572382,14299616242.048029,14056714587.77596,14006957472.669228,13353761513.346748,13170831963.409355,13119618596.87868,12830360102.031431,12567648316.964817
8,2,0.1,7,10027493927.36559,10081853562.835022,9962256792.884846,12980850848.730972,12904427972.034071,12562532074.856047,12190494318.71748,12341597604.537024,12629745607.333183,12807992612.020023,12805468824.332483,12964156766.435743,11768976497.11308,12366525865.540657,12789015663.701702,12477349257.292368,10570351473.941448
9,2,0.1,3,12590913610.281979,13222748674.033216,13447926923.785042,13657766366.33033,13673691899.58894,13683717739.296005,13855290767.44702,13688483704.68781,13641320406.61038,13630017930.126965,13461277587.510935,13092178872.62575,12566355036.999931,13166620550.205872,13092524773.41512,12960741547.908146,13064724628.819977
0,2,0.25,208031,12809904929.306744,13081724152.624668,12984953577.17861,13532304440.459898,13580058118.044436,13478877335.965445,12946940904.553312,12946857825.046516,13006885884.878174,13370845556.046713,13809326695.878614,13709244809.569637,12539525016.63458,13220141834.900282,13668897908.583527,13981614651.254944,14509987738.588572
1,2,0.25,2573,10510246682.734575,11163913761.588366,11518493923.715797,12505825136.361387,12842007810.635096,13200080671.278402,12935589033.463474,13151426177.764378,13431178419.14405,14260008337.503294,14464605563.599405,14438233290.031466,13429103825.617168,14174014117.058159,14856775581.955877,15048064650.801344,15118950449.16416
2,2,0.25,865,10569615455.902027,11102969629.67677,11784428619.455849,12707252036.320908,13090808651.100815,13447368294.1261,13104801460.909492,13231259325.098824,13552953199.63215,14055258125.927475,14606814040.775518,14713781120.071669,13139099407.234032,13677455667.760868,14689140665.018572,15001650146.561563,14674237549.298866
3,2,0.25,381,8695620726.975006,9376138213.10339,9796668104.804724,10888561542.4086,11422319434.944769,12388054479.159422,12564714978.978527,13333636768.15052,14064482376.22283,14926661398.885824,16113406995.93655,16794276563.844349,14798273628.407541,15331965407.793764,15978358272.105059,15674438088.798992,14928473285.195618
4,2,0.25,195,8748527576.252106,9312448258.887339,10067159118.308832,11242561466.735634,11797200582.587402,12167169821.07784,12251520958.03511,12920224883.51534,13405913793.567278,15214138541.050848,15175471214.100998,15670039557.822502,14557132582.066233,15565702146.548677,16729630357.492064,16431394765.386189,15715199825.585892
5,2,0.25,103,8266706339.833514,8831305117.745337,9399295403.968855,10370465923.176146,10831045057.100834,11060459394.873138,11969309721.708782,12813025467.574862,13680893609.875792,14680666050.69028,14988563445.512262,15364810289.453646,13789564545.290037,16014257385.30902,16971939640.715353,17673336370.370937,20198865276.866756
6,2,0.25,56,8253274085.150031,8500700288.321511,9381159254.262976,11023728576.775482,11261090598.075232,11450825358.376762,11632900693.191364,12749640527.739153,13777312196.830103,14894398404.492298,15089949253.682524,15467446905.321863,14223236786.860044,16148717190.315626,16202528388.468943,17183863233.734684,17539529741.84621
7,2,0.25,32,9443386217.25773,10806138977.614954,11432160167.971323,12343433575.836983,12693225643.905794,12936808823.369839,12801397949.280745,13477986253.033558,13136218698.076664,14425555998.395021,14951397993.252098,15218277148.126644,14165591523.190384,14727297032.267952,15213639682.388325,14842381402.686382,14275421526.370731
8,2,0.25,11,5421923885.219647,5474206697.375652,6400664561.087442,10993340752.244356,11077325156.191528,10357495829.612461,10391725813.10645,11403153682.178785,14524354127.27725,15533948766.793415,15773877789.686102,15867434064.181454,14423943764.84831,14600981304.431694,14574304366.77993,13431786643.82985,12515514961.809057
9,2,0.25,5,7997174130.20841,7569897377.077573,7562545092.708583,8204755360.283087,9078815709.2031,9649863256.579937,9507729259.579052,12795880481.391493,13914468730.165546,15904414168.044134,15713640116.142635,16456351127.554092,19295273612.793644,24823390771.35268,24938859178.52902,26009854432.365982,25731193363.890575
0,2,0.5,207759,19618554019.084877,18517786950.35285,17371889981.16369,18473618542.21409,17997454175.115906,17650354203.192966,16406043054.411049,16375509925.617659,16389872917.974634,17122181502.868147,17766860349.682484,18028057599.23241,15616453994.434584,17006016796.418785,18022678965.50841,19230856260.760303,20659094849.689575
1,2,0.5,2771,15928867180.559404,16326342415.749905,16532781217.78155,19111732858.233013,17937944521.451378,17219597856.794666,16156056486.04248,16257569533.240664,16338289582.046658,17651499871.790253,19129936094.79764,18907602381.107574,15767583024.99422,17558263835.35211,19739055552.63388,20302971633.548317,21269947786.223656
2,2,0.5,919,16263571484.963554,15410615596.109377,16484469850.253672,17651517965.149876,17600145389.81793,17612581237.529297,16193454823.758816,16103790826.30662,16974380114.779892,18811267993.264675,19293016831.67521,20147010447.35767,16046179818.767282,17500979767.069897,18995758516.066124,20480512523.96119,20672205742.44329
3,2,0.5,398,12858737197.878447,13890268016.389334,13174989393.03871,15324985975.361238,15992751875.884922,17660749115.984734,16217131562.873127,17363751525.192947,18121460693.231262,19471950753.942017,19293392715.487904,20222455161.297234,16664477736.725971,18986143287.956554,21971536150.676743,22328452079.44642,22172509700.17582
4,2,0.5,193,15085634316.16747,17004666131.841787,15265953669.331827,19075098896.28296,17217587684.961502,17097802562.214643,15907023348.708652,17072524890.451365,16612557225.783916,19268826390.00074,20835021120.4074,21511353616.54436,16936310606.127378,17901714541.83073,19128211143.425713,18716671153.917667,18196490478.132267
5,2,0.5,100,12427162716.716784,13851123847.572874,14064325179.770813,17471610186.468,15964543243.163036,13635763229.295015,13798415777.891586,15119798277.485292,17824345687.49613,19498468880.768665,20752025656.00273,21495495624.58189,18341664974.66353,20606701425.492905,22116322356.75265,22596422536.863056,21643040052.04231
6,2,0.5,59,10122480271.137032,10225836859.297836,12250696676.981659,16464943779.29708,18434671508.387104,18031647405.39746,17811689580.099777,18119961533.147,18741074165.120186,21157151306.905357,21269877159.535767,22754930377.45913,16679277895.595913,18714793742.858055,19749442735.002033,21192478206.34099,20950069987.710117
7,2,0.5,31,14228830129.437674,17375350978.43202,17591522169.44036,13918333320.186459,16023439977.341852,17181975177.30381,19367650871.332645,17822528854.435963,17208093464.118282,17165725001.82879,17277145164.29167,18683878686.22555,14020729262.179647,16711345130.360077,20400207370.23256,20572526324.6339,18692537144.94899
8,2,0.5,15,6079924598.814769,6620443285.990242,6928042954.661245,13364358479.657478,14588466632.232431,13734926489.412975,13177388562.479269,14979269278.969563,17676442439.49673,20888462300.525295,22720506199.01678,24677673379.900593,20943238993.883392,25138452977.792137,25385032051.291412,26839165778.5626,27125263774.48517
9,2,0.5,7,18530549156.47402,19875187432.363953,21426548748.777676,24394125999.133873,28377937861.249905,26078946330.854733,26426235909.744987,16754083624.466879,19714272752.42284,19212507430.131054,17493532675.832565,23632560015.89785,17414451665.509342,9096499033.338112,8138250933.381408,8462523350.592619,7627116697.791559
0,0,0.02,36518,9973850549.847403,10209350497.577742,10715851091.110386,11741335416.009947,12427219440.282696,12610978966.92341,12822988683.074923,13266629817.566183,13920059004.985123,13773316730.785028,14054905326.416672,14048944296.668995,13753281470.339558,14502235238.217901,14337412202.01452,14250851313.049301,17317824527.26336
1,0,0.02,24967,10564171249.289492,10802602465.570738,10879009921.37317,11078589982.85612,11385980824.131105,12248703544.067083,12449316027.383286,12562584457.89854,12658367430.089506,13013950696.857176,13147459409.723646,12678460426.533514,13652543268.502234,13835744484.860136,14015133045.307304,13899388152.911568,13716539863.174717
2,0,0.02,23038,8182690813.43768,8543597593.580388,8737649227.940628,9527942715.91703,10307948222.757286,10564093660.398397,10963011544.714243,11196870976.128622,11464183883.66667,11158409007.73454,11339065857.331528,11418626638.038883,11564486408.441725,11857484157.980026,12642242151.2984,12728015115.380346,12646082230.168913
3,0,0.02,22404,15407420623.881472,15420815912.527897,15698482937.834398,15803821160.368586,15815546961.784184,15812245516.967934,15941824833.097574,15970658915.473347,16255196913.317156,16277228411.015484,16463256212.726301,16404874892.176397,16270381229.971529,16604871359.64259,16589254992.538145,16576005511.753923,16398705557.900492
4,0,0.02,21356,7336070056.903672,7439707358.453022,8202083768.611892,9058939499.989124,9795417580.363487,9981827371.926977,10140026796.286186,10215738972.594585,10393001934.677898,12095010105.273994,12015227712.978537,11445853881.715797,20107784488.568764,20698468918.27508,20695252085.958515,21079855586.952995,21039542631.688835
5,0,0.02,19690,10991849739.093298,11440364628.99,11493885456.507988,11681517857.586351,12380194304.5669,12571814577.569386,13040277770.689104,13113842451.932901,13927024257.939342,13533379876.742027,13617622965.630484,13577087896.791733,13419634894.10761,13334243152.756886,13296156261.126724,13360522019.308146,13525946721.24903
6,0,0.02,18854,12510923192.136703,12897400798.66151,13160921645.72219,14457801985.131655,14772681588.599947,14903860266.002142,15256414472.978085,15390758103.511648,15454684698.032036,15387092069.832695,11468814060.612614,11485019810.786745,11433941045.560637,12410547907.986727,12666775297.449942,12574731466.435465,12157359881.633083
7,0,0.02,17728,12361207993.158024,12542687852.406881,12635046167.673325,12823366172.000443,12907474937.659807,12974641131.773064,12965205861.911673,13618540136.439413,13747767200.162264,13992597156.267065,13923677454.401367,13923649479.883354,13704898976.765944,13843162860.39048,13848436070.3565,13794313096.878798,13513721362.964613
8,0,0.02,15454,9132680564.055489,9282087096.666222,9535439568.261541,9830271869.101824,10453511950.119434,12681815357.722391,10553050423.3198,14596651413.731289,14793054467.659094,15052466257.48122,15167489564.182762,15734821746.895676,15686009900.177591,15925627759.62661,15979028437.114109,16326488088.184546,16318391893.885689
9,0,0.02,12243,9945969187.871374,10320896818.821587,11303772067.809975,11529793696.55546,11684197312.951614,11963885188.82594,11794647281.665026,11604500448.047192,14076946205.801144,14323332825.48482,14551912344.567953,14583651944.77737,14473444887.27478,15523674006.88694,15727947471.334017,15597699487.855484,15374175721.64293
0,0,0.05,32380,10557386079.010736,10937654468.272762,11269340071.698977,11737107249.950884,12078107404.948668,12357732023.735426,12514188743.972952,12929452276.888027,13030149735.753883,13160823613.87004,13666721208.931211,13960210426.38628,13703362129.53132,14069818852.503336,14120136139.15453,14097937889.247854,13747526966.931889
1,0,0.05,25640,10184909013.275036,10464602594.953918,10868329525.137302,11238564146.045649,11394976420.644733,12561159132.921354,12827289081.851421,13061840971.175083,14196617918.963888,14320406479.31115,14460232669.872297,14707590605.61838,14343382906.938635,14963585337.266018,14868231481.255266,14745086024.074104,14470687696.951336
2,0,0.05,24320,11046350637.011425,11430595242.414837,11867139242.704395,12470444766.256025,13062368268.418741,13629788767.516706,13475899871.402002,13926891403.172361,14334639980.410835,14482698803.253057,14023117105.913473,14073366174.988476,13704100153.500341,13627521105.33867,13335094701.028807,13198656792.476652,12589098710.331127
3,0,0.05,23442,11119816645.4661,11211218137.306162,11976281796.764456,12974307374.662743,13128438449.572868,13213912299.66914,13173507209.725399,13294439275.101542,13576513140.021646,13859583265.364258,13736131473.845749,13743013164.233698,13365003020.61879,13355351223.940985,13496679175.074585,13434148395.81834,13386239759.10473
4,0,0.05,21484,11965278849.526312,12429059140.020666,13058239842.292532,13332416090.27773,13628943913.06243,14116181699.874887,14941825087.433481,15565154946.042055,15641333410.631912,15203842896.448206,12053238636.458767,11829952532.957949,11713188492.635323,11790231858.586725,11656006658.499811,11664670628.093733,11394857846.023922
5,0,0.05,20702,11167706576.715778,11300745249.110243,11508427999.505053,11996528305.152876,12341377471.475279,12620251821.374557,13105290557.423332,12857725482.995506,12690588501.652266,12683280811.000673,12716683204.881756,12684479420.357454,12322437329.014683,12631334759.888447,12593100407.891586,12492566603.391315,15471779472.097702
6,0,0.05,18440,5223634157.857811,5388187915.845115,5560883797.57331,5687527385.73334,5829215955.390936,5888250529.497827,6031301080.928426,6225079166.640025,6279223812.47161,6359523833.996145,6445295967.505242,6433544760.844197,6161748300.38268,6238822970.140116,6438763455.982692,6549986237.949087,6446609178.577125
7,0,0.05,17337,18489691159.65648,19105658306.747562,19431750562.34793,19662322543.639168,19830902839.492027,20016595371.89476,20113318747.59918,20235097168.71063,20956210736.483223,20956570513.489006,20962450682.837124,20618878423.206116,20219709560.640373,21592722032.5805,21764753328.680386,21956919554.11376,22022459085.532196
8,0,0.05,17173,10387677753.416273,10678820962.879925,11152689799.143871,11530551026.231571,11868533959.763943,11964450245.556768,12065657448.738014,12147289649.348309,13235144671.076468,13760565939.697277,13983787964.784626,14008682688.030645,13660654924.281263,14410211682.026522,14493750022.113205,14419644377.724407,14062822740.18071
9,0,0.05,11334,10770243267.099112,11214028382.381157,11481516977.141981,12435562238.487566,13285297618.002851,13487700332.36576,13455704248.38458,13531794951.434122,13811859733.077555,13973221824.484371,14494532009.167297,14570313047.585869,14555300094.001839,14296701173.024235,14179475743.986753,14068758163.597055,14178391478.677092
0,0,0.1,30715,10883361731.298122,11617857896.74758,11943636853.16621,12860105311.087328,12918438646.03477,12841180241.470474,12769348261.33626,13094686392.908218,13299659227.899155,13745828153.622496,14190444672.484045,14203395150.036404,13646191406.588995,14127574163.592136,14319856500.11931,14718387865.667921,14591441751.520061
1,0,0.1,26744,11636845652.151995,11864926219.716944,11843955354.709698,12275712709.33123,12753434030.827816,13253619019.53668,13322890838.802053,13252073600.163162,13276070838.492584,13564469302.33841,14113086642.396793,14266635461.70985,13542738070.048664,14135276024.610512,14190524625.066874,14233040135.807583,13993637902.847143
2,0,0.1,25791,5043241696.554615,5535259824.728319,5796335365.324114,6104873654.711851,6236539896.465595,6667461537.916808,6657481783.440876,7126205803.3349905,7229934519.2741,7191146744.861962,6844139540.316951,6967248503.757059,6723302276.370047,6818174845.418925,6978409959.628065,7038094223.759147,6953001285.1399
3,0,0.1,24853,15476868217.651062,16268423252.879732,16781627162.17494,17405170340.684643,17448417579.760212,17751917983.01872,17722897397.31186,21424919841.253082,22201750190.95454,22628815062.046215,22574411096.630947,21954924588.918392,21105655231.368427,21513701769.129757,22103143835.146145,22247349667.958614,22322697082.33057
4,0,0.1,23755,11766454288.497082,12128152161.480186,12827935225.718874,12988137256.810074,13113524460.297895,13178485714.22904,13110768815.991919,13193905618.669586,13920297370.625658,14389651151.902328,14439795715.028717,14333997485.810753,13677393581.003067,13821557915.69867,13798902928.244232,13447182750.557302,12527864791.170496
5,0,0.1,19754,10224240220.348917,10423375035.966837,10868961398.314678,11620065334.408682,12559543205.074516,13081185523.312819,13199515901.3331,13633828026.859236,14064300425.367863,14749648953.500431,14671335449.100542,14782643680.675016,14198480139.650602,14361263044.507244,14648571907.980976,14751728931.415655,13489909275.23338
6,0,0.1,17761,9915936468.844603,10220150858.8188,10529745509.408216,12302014466.030499,12855126246.668491,13139964838.956686,13426535198.886246,13709928263.584993,14519566143.306505,14610199198.780415,14849451888.978516,14930436294.006899,14045392921.113766,14302501205.410166,14254579573.269262,14132564424.12753,13700403304.7367
7,0,0.1,15759,6905670820.145163,6973346283.601709,9098416165.125866,9473089881.995342,9302101635.201752,9481663737.964869,9519914187.269855,10132733914.110172,10717853567.583963,12493916307.211098,12531412559.881388,12627617619.973627,18868674173.304527,20890550859.255703,21515243554.904972,21591376708.4032,21260533599.298836
8,0,0.1,14230,9258857545.148308,9810019519.39228,10820728954.120274,11511281993.765327,12494371528.418417,13170455809.357235,13421342514.775639,13613208761.27051,13586770579.15363,14566735367.70459,14624974858.28303,13922721905.091877,13120361035.301277,14011757746.326756,14223189256.209108,16418521069.492468,19570339939.16983
9,0,0.1,12890,10362243478.270885,11023460361.8597,11545341508.024319,11916796213.696682,12118439522.272898,12730460129.614721,13082508988.596853,14129372336.540014,14552050110.403984,14771447725.298563,14221151306.432446,14221406582.562523,13617628189.543133,14538222845.431807,14624885583.25456,14639100282.757154,14683430608.058447
0,0,0.25,27158,9565958253.978556,9940611838.528736,10492304906.460566,11882851974.907337,11693404569.996067,11958636702.261795,12126786271.581337,12481432613.652533,12994540939.245733,13815984352.66087,14488977049.702965,14860583888.269264,12668905053.220528,13619011052.938913,14596215352.611425,14463977000.738056,13829003551.47566
1,0,0.25,26571,11019528052.589008,11907332561.692335,12612206164.738207,13600700385.498102,14856413573.740284,15160288552.616833,14638187860.545614,15020894611.888254,15194440621.888725,13681936003.312635,12078409023.43809,12292199078.739157,11135094139.406464,12942664344.213606,13668907738.091629,13371007381.330418,12764576986.840683
2,0,0.25,26284,6151824942.063466,6420112086.081493,6541387083.730157,8458964035.208312,9309096952.51729,8761139808.496199,9014951144.024708,9367187684.564713,10137939575.207983,10905118812.018995,10499171394.528028,10632812647.214436,9605928915.03273,10100944930.183159,10365277153.993238,10280974224.53566,9931656050.367271
3,0,0.25,25966,8311923394.136167,8742919223.712193,9171921310.84113,10446421604.177275,10434905101.002378,11117691699.434887,11403632334.49958,15870068818.622797,17891700279.03875,20150103898.550385,21278910613.73995,21610516823.040638,20585685385.896217,22061108560.537674,22068800467.838882,23273730305.585472,23229033384.54761
4,0,0.25,21883,10630584861.988493,10489910631.429459,10472076034.62716,11798252598.006546,12821335127.830967,13501811828.95899,13875436110.082493,13989064768.019743,12985608390.276125,14910513547.98121,15920246368.063133,15693348328.443027,13185640310.92711,14398081103.0722,15144727046.964495,14856606166.936258,13592131787.702322
5,0,0.25,21114,8245551868.47518,8486017504.629185,8741615914.632826,12045928940.420452,12569992533.075151,12466737767.60778,11358465844.942556,12229405629.210178,13466507151.916046,13813146267.761625,14208981588.064278,14946380086.00597,13990139174.899714,15100524095.096067,15714453021.497791,16541005319.774557,16952236770.686182
6,0,0.25,18233,9911856311.191181,10317261640.008385,10388995723.141212,11194610809.159872,11315886065.829708,11419154280.858936,11459836242.795515,11935539368.138128,12227746893.504099,13012401136.848999,13435416780.961239,13758534241.971972,12221845610.242346,13215837062.681686,14453062939.400373,14498394983.55641,14300242515.922823
7,0,0.25,17936,9844940516.616692,10556063902.494839,10759371090.273294,11821011043.77698,11772979863.29935,12496867110.485159,13347499099.677357,14153354896.51363,14856018710.597189,15626613587.975582,16104201846.80891,16313050516.317389,14754148025.560703,15788583871.22221,15965324109.848703,14582718599.077013,13542485559.403835
8,0,0.25,15385,10475069569.144907,10478746025.193367,11401422537.92796,12414064835.475048,12906451694.196177,13099635038.110527,13135653926.847374,12822475163.893093,12909581364.73125,13697685566.337507,14115890720.757437,14041693898.63711,12560834037.89644,13801953553.872902,14471885465.930824,14448788688.05672,14005473818.482555
9,0,0.25,11722,8619835919.834038,9678314836.653978,10539445871.652,11844371622.499985,12540158803.763155,13202980915.477345,13293047294.009497,13615936853.038383,13867764693.829268,14084018845.749996,14347448718.71504,14142408544.104752,12894217552.588116,14137423293.333696,14558922468.89138,15075041463.61165,14552310766.127047
0,0,0.5,26125,16416923835.5977,19922019121.24033,20910410413.891037,22694696636.897804,21886204316.381702,21353412209.87993,22509275965.59852,22284540961.548244,21928511747.330654,21475432919.083015,20665837277.846493,18762254434.06595,16236235693.245487,17873807261.23885,18597330488.500233,17638453713.74171,18492660293.884468
1,0,0.5,26079,13446633798.834248,15252815760.32943,14379444100.903313,17281579883.545612,17631973674.605484,18292162533.982765,18475397866.558933,19573156941.586452,22112312562.58751,23255974878.134556,24259849825.24068,23079331088.931892,19460364425.97531,23853998840.089546,24716710131.924923,22353703909.46325,21779073700.127857
2,0,0.5,24930,12942147170.481834,13436309114.982439,12501031667.932749,13411948933.794474,14108458282.866476,14981979428.81932,14523548420.326443,15047729321.939379,16722418789.360209,19852069044.526173,22237375657.235023,22740754948.937584,18880372196.672176,20775031488.14385,24845202441.632175,26757544687.833088,27262170143.791595
3,0,0.5,24119,13801796834.362951,15305883156.220928,18437796300.283733,23500108001.635532,23814788985.72291,23654202358.604225,21769999486.106857,23237274027.240494,22934618344.745857,19737626972.65785,20809442915.33764,23546627762.418045,19243420227.27749,22574997831.683945,24709975824.478912,24894423488.649582,23402864047.537075
4,0,0.5,23809,11253571978.928186,10924571647.252884,11851618092.59457,13887383709.27059,15085312126.481997,15463126412.208893,16375318129.446829,21618929296.912216,24395420887.290882,25581380884.38453,27206249451.802795,25555206164.731884,20250202295.153637,23213379649.638462,25244483482.780476,23234234351.268887,22221336556.97202
5,0,0.5,21237,13366058267.039465,14455687929.023767,15314900870.86899,16723915138.135845,16960951519.76623,16429725537.655691,14468419895.016644,16015987231.732204,22076165081.979877,26511263551.441402,29126319139.137222,33699076143.9916,26251566861.66233,19912799448.96955,21612823864.317097,23497815905.975372,22820692940.64481
6,0,0.5,20290,22378162696.862453,24675537605.15069,25448021119.611877,27878936638.263187,27810260521.03414,23872614283.815434,25618263172.39917,17450363938.088238,15831746580.558075,17048791562.036982,16832741348.063604,16345164882.533535,13664414905.120842,14975173975.029634,15988239515.315605,16805143326.66351,16608591733.579287
7,0,0.5,18245,16962001377.526598,18654872956.69912,19127596434.598366,19805655920.406677,20595788861.71819,19390030733.516956,18128747056.050632,17730699368.711082,18339538948.376667,21218495182.9703,21277389367.001183,20918889481.405613,17433106437.86589,19730640666.901917,22682599327.12144,23708465693.019093,23921049705.02742
8,0,0.5,14919,14284297019.784245,15799154566.057833,16478924973.936453,19755817393.12627,17875343742.085594,17068099577.582705,17682656434.775764,18913837424.248535,19687016232.819023,21616591911.035503,23047780867.59985,24673227279.836956,19063880037.973934,21706688188.207886,22995715678.35737,24886556870.83938,24583961619.556526
9,0,0.5,12499,11605323050.865711,12246641322.510826,14169297279.057577,18366787316.477753,18796664685.761253,16512121261.339495,15601295344.806658,17167341805.729927,18985450526.172108,18145440273.109016,16291310207.007675,18847550889.140232,17020772545.87136,28234210780.486183,31317086214.946846,33453543435.66638,32888305773.994377
0,1,0.02,28630,12991358540.51018,13366095755.049978,13569059947.125053,13887092298.957405,13774564858.245174,14035923901.193277,14372304657.971918,14472005477.55602,14619363037.757269,14452010991.319626,11109159383.314524,11033645664.42456,11014012817.901,11648587011.19285,11662143838.966087,11705578002.889889,12142860572.307095
1,1,0.02,25529,8655865452.590029,9070859052.57842,9707643824.41404,10009450980.592,10330562663.944223,10481142602.272314,10485757210.850143,10785085190.314445,11175501243.736612,11384737961.494125,11196433902.86199,11533239680.243727,19410627406.494488,20165271135.310673,20297506204.776085,20162117538.47657,20027376857.68208
2,1,0.02,23248,9649837022.65264,9938001148.459015,10342188485.6588,12810612235.986095,13004436430.717173,14247297415.08254,14233377655.694853,14353307927.541252,14306384175.193298,14358353737.515722,13884925142.638796,13883516014.796677,13849446163.17486,13299540130.157467,13305031974.776358,13313858098.439926,13321977291.99808
3,1,0.02,23194,9676456292.9968,9824414887.643524,10058684048.562975,11549852500.808168,12416542884.020473,12600137539.368387,12723059056.625626,13376884134.841778,13758493395.593327,13845159342.347275,14204984640.152374,14246277255.123795,14125608813.021843,14466940274.168398,14275284936.239954,14193933175.760267,14291483360.808283
4,1,0.02,22805,3194501330.716133,3217255930.3370786,3409357424.5519676,3549918469.125221,3748476892.3829703,3792340093.1573844,3890502050.075162,3985444587.73718,4034784130.366657,4046593303.6206846,4344734133.208744,4251282611.863816,4288630180.0174303,4292523707.183792,4146849412.4386578,4187614566.800668,7279127113.287315
5,1,0.02,22588,21072348379.23855,20927814545.776165,21528314717.436565,21691253800.649086,21791818083.513763,22296085299.245613,22331502994.80576,22498666867.199448,22856622088.92945,22649828063.165184,22625019864.41988,22323849354.256557,22261779277.80515,22309789600.124725,22952084141.636486,22853593744.88231,22528723590.47607
6,1,0.02,20429,11075628378.44026,11316409848.610449,11468496495.91297,12409964738.163734,12657611982.228039,12882344506.872381,13350707320.278038,13444778090.856033,13537355592.915424,13936771474.201942,13902417110.422968,13727059218.230198,13593310093.42574,13795589709.4142,14009729392.692102,13866980664.185862,13961733461.672009
7,1,0.02,19920,8870250945.00795,9388599343.356224,10110507059.040937,10439720557.44858,10737057140.130491,11016653482.452534,11177492063.957047,11596980035.770348,11734941185.98526,11332797832.68061,11456321133.636335,11926360087.637697,13118912961.189224,13040303014.351723,13429552059.246952,13430165324.060799,13345089033.977812
8,1,0.02,17443,12064946044.921612,12560257920.576868,12765412585.28933,13251749102.572233,13888262287.82422,14388847020.150599,14612505248.479124,14754189926.710405,15467999293.925299,15524092922.324236,15746135821.97231,15622748739.348501,15498062044.470812,15798896813.127525,15716030171.670065,15482147508.668896,15213039060.681765
9,1,0.02,8466,10369702250.324554,10704048718.164354,11405110291.95664,11864595851.912502,12197452552.02711,12430441795.378033,12225023087.73659,12615105455.753605,12793786076.768572,14569051529.232103,14574011820.638037,14662931892.675177,14647169962.165504,14498113273.84902,14449000682.392366,14446219096.080269,14168776702.623247
0,1,0.05,26825,4893433616.516487,4914653295.244033,4985372672.382975,5141728223.816136,5477621769.973697,5602368383.39184,5511693547.860169,5679903036.472456,5945198448.434577,6004466685.021024,6022631162.000449,5785849795.446754,5677165448.468635,5819345445.320289,5811028776.787472,5812940732.288493,5726544108.883153
1,1,0.05,26244,17930328921.040333,18500406060.666637,19630484588.904076,19999190563.24157,20444715660.258236,20411074767.48554,20588589029.089233,20590093552.240704,20610762143.9556,20654991216.65149,20852030813.144325,20546507690.90742,19922750304.969646,20257654287.013718,21026079680.17283,20863081407.44121,20711017744.26193
2,1,0.05,24939,9539635670.86587,10166413613.31298,10700297699.987865,11086337217.87971,11301748302.040554,11546935930.611488,11615809029.810524,11829524870.345976,12593871894.73466,12922053299.981041,13232535890.044138,13226036663.250332,12915273970.516281,13087863174.829998,13312615424.188854,13335303294.546814,16175494808.921257
3,1,0.05,24808,8445894748.6656,8949222083.85803,9231477932.635777,9631757945.470673,9566166500.804186,10171042985.602629,10027154907.299356,10213460912.504513,12566920507.152891,13004949195.01622,12547588201.513649,12480206126.985844,19471772801.795784,20657538170.1134,20583687869.092484,20731327534.9804,20690422480.66573
4,1,0.05,22693,11148083691.859272,11552299801.171768,12034130621.57877,12322115861.904228,12936085277.60182,12844012826.349741,12845968558.787157,13083670484.601572,13491763493.281614,13416610018.387035,13665923474.895638,13813708456.218328,13446895669.546618,13651735767.166128,13750145210.199417,13388174723.321442,13408330310.0191
5,1,0.05,21651,11058622564.44841,11484656238.121534,11712301883.685163,11775742758.141823,11976762638.935328,12242437308.77542,13090262031.521158,12950698201.302826,12861026839.754108,13482812061.472403,13524570284.410818,13670189963.677364,13495695378.19688,13557538457.456482,13946179908.229591,13980696600.006004,13632469704.478773
6,1,0.05,21002,10498958176.109705,10648062330.065151,10890487717.54819,11209782585.587736,11499010785.135977,12747098720.847208,13263779069.271534,13384087893.771652,13578801408.402199,13688232146.866102,14027028000.527302,14022319322.575123,13719418421.423328,14307356023.765814,14214889189.32585,14349889576.708406,14184881908.379517
7,1,0.05,20170,10417776936.501041,10435587348.2043,11036347189.072447,11296941697.852041,11939205030.301321,12282824492.52579,12471560282.4253,12885814968.187563,13287555699.962936,13685582155.066418,13765175730.469389,14115784366.72871,14150900670.9546,14239425706.251509,14275946717.70614,14329195738.1849,14122412095.712328
8,1,0.05,16961,9536039497.365374,9833064930.191217,10685067918.098314,11529080251.422596,12205509601.19941,12547817615.407867,12770528493.82795,13276977214.356817,14142433718.598667,13715066637.42791,13829393754.43859,13668077456.679869,13407453151.607925,13212252704.05184,13540363645.179058,13594397420.851587,13572474734.931988
9,1,0.05,6959,11427025706.420563,12044244709.315603,12864594885.31025,12824597231.798346,13018429972.561579,12845133856.388767,12975823126.155159,13071421296.659702,13263309086.44375,13412634374.130459,13725175340.92725,13463259923.756104,13344180162.938961,14122628621.2374,14048686199.521864,14007730990.829712,13778715659.361755
0,1,0.1,28258,8757931262.310158,9086223513.939957,9542572898.88467,10290293495.780834,10598060620.334782,10650197611.835499,11473978166.456093,11924780728.0719,12378666671.832747,12554054296.209454,12641051167.896011,13303377614.170683,19403069005.51298,22199086724.592587,22461055789.465458,22473294847.344852,21402429254.140594
1,1,0.1,24225,10806083773.003477,11435124085.685635,11771876748.312204,12695300198.507065,13187549217.84707,13801435828.956738,13790015422.734385,14134275789.40194,14451278419.641819,14583499806.045542,14492580373.069561,14744740016.692844,14290173250.35687,15769150779.06057,16004233376.928015,16279246325.661055,15887428368.461672
2,1,0.1,23423,14227695444.957169,14813290627.47433,15204048639.680492,15581173124.197435,15407173832.57574,15316477842.08678,15539791517.116165,15539957310.339634,16031419216.282646,15994223941.991476,15912073800.957163,15426688890.928307,14453274356.564104,14797745632.870039,15455440738.600687,15342476516.102495,15456550546.717716
3,1,0.1,23373,11904823808.126879,12599048307.009596,12619785819.281824,13154128755.923967,13446706120.950937,14529979932.160269,14623246744.576775,15162372326.82799,15698236345.496624,15909085512.937868,15898575366.834013,15760417362.720974,15115373173.207672,15168970616.136444,15231062718.804317,15087710308.538506,15047308328.286074
4,1,0.1,22714,9908181270.327688,10039457746.127052,12376736737.392353,13556799128.998363,14245673715.609072,14671963729.252949,14600859390.888956,15312743780.543737,15659818855.112988,15987926996.087917,16289095066.540337,16069371471.154673,15197007362.309572,15516203777.885159,15865607907.101427,17597556749.888504,17449591356.64812
5,1,0.1,22265,12310606459.908453,12468122455.45596,13624072149.655348,14400880394.981277,14621789651.7138,14701459814.672756,14601100045.582224,14915012337.136774,15219838615.262936,15470723527.407228,15580372766.59701,15691468563.259487,14681925299.867281,14695747808.801098,15006734106.06389,14886111635.338694,14537634576.261967
6,1,0.1,21614,11552202842.049301,11976469177.753332,12180888841.455349,12773364982.642931,13444140260.502666,13830243491.764063,14238754055.05481,14293502268.514563,15080733116.955065,15420495860.728445,15843928716.050129,15835122279.822418,14993091973.704548,15207730916.668436,15889802061.77358,15941140975.196808,18895901576.75661
7,1,0.1,19984,12341997904.784594,12279832954.857973,12499631262.73274,13315842035.270416,14262845019.400642,14504261782.478312,14578312487.182806,14855412629.229092,15172992819.462845,16112982891.838444,15474437747.540941,15835536377.808702,15202686574.124493,15237154249.775064,15632640528.651163,15633322045.904736,14088619445.280638
8,1,0.1,19906,9213231939.169722,9695754666.238821,9915566142.789743,13037266139.436401,13239025949.13499,13579542673.53861,13195052737.194302,13614885477.273542,15922297801.014906,16103554038.506557,16742523578.877548,17118808218.538027,16519728246.350895,16986620534.810928,16968708574.397505,17109288651.98758,17008254916.751139
9,1,0.1,6490,10208174143.800434,11087199383.287142,12241516792.49121,12791105734.234158,13111748568.518164,13327107353.340357,13421149049.315262,14281759277.376043,15728491775.681704,16317002529.438396,16741449668.130455,17123336777.194948,16305397540.935518,16638672278.082188,16998915701.087332,16635274424.17115,16304238623.667772
0,1,0.25,28910,7961897656.749807,8924479754.725033,10131302076.040985,11448033668.205345,12342689640.26612,13270228966.191502,13969938420.965176,14427098621.609528,15490254957.841436,15156888303.93007,15079684037.911251,15041422838.584576,13193129422.087666,14134978508.420319,14696265285.569674,14667864972.388206,13574152191.920761
1,1,0.25,28276,9320194770.193392,9794763077.53862,10299248033.763496,11230078331.77945,11946804504.628132,12474690102.338789,12837433769.014832,14127497543.829521,14775645242.396757,15137557841.474695,15626569311.634142,16085813740.506643,14467836385.412115,15735233188.953426,16662786384.651554,16688900959.048553,16407336286.154245
2,1,0.25,21695,9571501671.161392,10173128866.082113,10684915132.345797,11915218486.087908,12667848137.455378,13009164786.064714,13022815805.26594,13951084889.656199,14323971976.950932,14894274883.769169,15307728622.77316,15604825540.146091,13371142779.926245,14271523138.47705,15268321748.873455,15669064936.413746,15087249343.048233
3,1,0.25,21268,7361000390.098815,7563153027.399491,9812191093.598236,10832739531.215944,11182828182.182566,11536422851.522913,11714737879.307816,13883783509.191114,14804388976.164446,16029902292.180662,16405209885.021702,16092257416.63956,14935917935.355711,16462155453.82874,17369630310.688015,16741813080.473972,15915477168.31385
4,1,0.25,19762,8884050473.536076,9613228980.372768,9970731339.269838,10833648429.685614,11321759642.480816,11487173318.37684,11826844424.49466,12556553596.817505,13047142949.00055,15323247389.627304,16148600038.40104,15812920531.486534,14490987625.033834,15426454778.560669,17006431624.47291,17417991692.03883,17273717108.449913
5,1,0.25,19570,10826964988.195621,11389138194.426,12321654113.772375,13696833062.99701,15119581685.126831,15240849241.916363,14381731057.25403,14793875346.603058,17494858470.941525,16179585802.268587,13699856844.948744,14256341333.102335,12208607877.445406,11742723049.48832,12116075392.664476,11882673479.174492,11533627220.25471
6,1,0.25,19390,9501306355.243807,10428013937.404102,10783541150.997145,11594911827.390282,12000811597.069338,12496455585.057718,12132374136.115084,11874027769.942787,12272893973.186693,12747454519.70656,12255689495.344572,12370041672.598913,11941873532.392792,13301085725.044361,13855840301.471912,14156075847.367516,14382897071.834768
7,1,0.25,18943,7990965055.547024,8466068618.272685,8787985110.48688,10487583729.49941,10925870023.61675,10505750181.000631,11018484799.560167,11658968381.735268,12957681896.864782,14132508297.867485,14295749943.74649,14662335340.194971,17605806317.373466,23423348943.222855,23374800652.3577,22842109436.256397,25897918052.69324
8,1,0.25,17870,7535675301.63861,8104425264.948063,8430438596.163344,11749286810.120659,12296843785.301369,12196372454.6593,11433735689.820723,12374120442.142374,13796644790.684412,14792170324.7826,15486933401.049246,15753661808.906654,14260301724.183819,15896875512.709993,17612108435.52465,18471082517.904846,18627763235.42864
9,1,0.25,16568,10030624627.388624,10703645693.191061,11541647010.2359,12513984025.356148,12698037224.854872,13139084463.946943,12860495096.213114,13241388620.05665,14033759945.83485,14936623809.447382,15007349019.389988,15348588171.832281,13588013102.149872,14513852551.871458,14607890553.65696,15113384917.926857,14770691908.19923
0,1,0.5,26552,10779251099.347195,12328286397.240551,14694756179.891304,18342517997.789288,17675835113.34644,15763023783.067717,13183098371.443838,14374564212.5272,16307799842.844027,18270005173.596977,18419182942.632736,18232367352.737938,14180072704.950844,17034413579.410671,17693157110.663322,16599968194.637716,15866875785.585344
1,1,0.5,25532,14068019525.905218,13413553738.468573,13256767771.420322,14715946671.910707,14392236200.885351,14431108944.543081,15128322147.425034,16184859652.345304,14805526784.110014,15682599493.311644,17416905086.685276,17694878599.817997,14123704727.7804,16037743686.282099,16998814440.178919,18555182585.10768,18191428887.246803
2,1,0.5,22892,13481987869.33091,14149253708.635408,16110816117.610737,16686613722.59476,17377958782.917065,19846797660.154457,18939386256.46005,19530460488.46192,18377954453.720196,15166615268.143059,13893616386.2609,15424708064.322968,12778619790.744165,13856782935.918663,16064564258.376812,16853273363.081669,15287275887.428082
3,1,0.5,22163,11977533555.019276,12831760708.000837,12309863818.06366,15338850181.310787,14972716141.313776,14511708462.206882,15195798417.446077,15194600970.00644,15862871603.268335,17129865660.221622,18194971141.24923,18308312401.147015,15595189399.361534,16942016634.173538,18576504281.541897,18388891714.49232,18376720717.786575
4,1,0.5,21756,10346680216.66282,10906805349.241302,12416896053.148333,13884431994.996529,13476207911.782125,13892485964.520838,12853027017.832312,13852874389.812586,14367716928.128477,15797910343.92757,18019407096.730453,18810837450.423225,14414331466.941767,16426231705.935303,17952639211.20597,19257550359.30997,19214750233.9604
5,1,0.5,20421,16277208434.495844,15571793743.492128,13499676530.31883,14313973562.220139,16182277151.52636,17263210769.383453,16846823852.842573,15198432495.463358,13921381651.717043,15069902848.291655,16264268395.318743,17205005095.064255,14239931699.688175,18009133622.957172,21127798678.685894,22116511691.60639,21139619456.590645
6,1,0.5,19851,11543467678.163687,12521911524.93221,12396576957.369267,14870658051.080853,13830498311.687988,12700351451.444147,12642886083.513742,13611278904.655506,14832966629.13799,17263123169.75953,18387239041.124874,18886289833.16891,14259136947.796516,17255905800.045406,20260726658.851086,20349033795.3577,21890183736.337444
7,1,0.5,19760,12703924065.45157,11894030201.176394,12915923986.97103,15986375147.082747,16413206602.505857,16186597761.17752,15556603787.22124,15859289096.612766,16161333748.33305,18150641096.08303,18900876904.672733,18992723574.4788,14405728424.288433,16274484634.565775,16870295223.161009,18057001078.10134,16261987010.170822
8,1,0.5,17014,11496288326.119308,11353877911.62891,11666745422.058323,12966038814.135475,12454190873.798824,12215734939.208105,11608601246.004465,13524011743.427082,14944481561.165697,18415358481.949623,18378798909.8771,18270578313.079628,15751059859.001993,18481371288.927307,20455317621.66703,22472063487.120373,22542061532.93498
9,1,0.5,16311,15213976167.388304,16271566093.489088,15229447166.179358,17108683486.122469,17075886175.818754,15300732920.909855,13895568868.047016,14590153165.520185,15204034430.29116,15349303460.549059,16676334839.114153,17514043616.665527,14682507724.302399,16481418154.5718,16531267672.292994,16832456913.329365,19059116437.759014
0,2,0.02,29644,10931200179.375137,11117845505.546076,11279214103.259352,11213846795.754162,11182619389.650766,11673222615.392576,11849274378.06089,11914181096.373968,12326647110.478142,12648477160.317598,12855644705.683945,13043969923.51459,12990650213.848326,12961789444.28231,12837308348.61518,13110846854.174755,12965135030.938505
1,2,0.02,27865,12112029102.176025,12394451154.136936,13043318191.282097,13604655163.761099,13973736987.926668,14000621601.601568,13916121964.67498,14245828424.613832,14559961313.389984,14636092132.322884,14629036206.407091,14559901446.628265,14390790418.305372,14248456153.45399,14339032234.833298,14213443617.956621,13944620817.512691
2,2,0.02,23504,6675556147.683103,6795011361.693045,6878467622.472631,6917549591.095648,6974344262.517201,6993969679.177726,7020671046.586653,7086126610.323454,7234835304.522502,7125317854.565059,7500339454.237385,7449425725.296103,7397515784.39766,7420179558.741492,7376211249.247672,7452141949.02688,7600487724.3846855
3,2,0.02,23491,17278122854.607357,17558416616.21727,17631026381.0841,18418155486.555607,18785894011.368366,18941967041.85401,19023810129.431618,19146883424.131622,19425396106.42992,19577082811.13739,19590859660.57597,19527363643.978897,19440387518.051792,19507722284.41757,19498564286.334667,19518629475.698704,19497941847.90234
4,2,0.02,23480,9407729575.655367,9501681734.18786,9932136690.866108,10586365128.053017,10807064100.691643,12428338680.864777,12974271880.83693,12958910436.650974,13097168978.871029,13080527755.067602,13409835149.311914,13258593835.61932,13095800882.55611,13130161585.63573,13700470197.231695,13885013949.685352,17008573806.52199
5,2,0.02,20222,11635473679.767225,11860443373.167927,12237595180.21288,12535453838.348436,13049767500.237251,13151175475.184372,13202783168.256407,13179799229.677143,13542049310.126127,13849392676.910084,13584091593.91954,13968667459.057154,14944014261.402267,15071465689.729696,15242327516.859146,15225699983.05781,15089210713.653357
6,2,0.02,17643,10750576459.254047,10943247685.908049,11322336529.22491,11867968998.450708,12265830432.640532,12418013024.036106,12778538657.16338,13080739966.369007,13900594195.337137,13794270974.879398,13015593777.350922,12961080261.561237,12815952896.264448,12698010513.978004,13102466237.706491,13331538051.024912,13280704634.69479
7,2,0.02,17515,11829172064.379894,12073652592.757032,12362424498.786915,12814527376.046211,13096683949.657976,13229686792.332098,13226849073.397665,13224150842.5614,13442924742.772017,13453075689.04996,13579199449.04235,13676941053.372826,13743775995.780027,14946591031.349783,14996918419.55332,14921097113.11493,14801325444.158144
8,2,0.02,17151,9004818590.70481,9279401488.758684,9700453377.539543,9852613322.766138,10365646448.502073,12757669288.838501,10712240612.640985,14572507095.192493,15364821002.572454,15185075247.287554,15209602071.974756,15158681806.297152,15150430616.40436,15425165353.85522,15169386279.837528,15120866512.86871,14669964829.59036
9,2,0.02,11737,9672240754.185474,9828590281.168293,10542987016.057732,10818043708.480772,11166166356.30738,12088267064.118095,12055250813.026083,11946354265.312218,14574217512.027689,14863469255.768433,15036994791.051292,15140565778.079473,14942851557.749329,14963724997.715805,14983437758.68058,14845590219.287233,14551057954.274544
0,2,0.05,29354,11374327505.585451,11578881860.583578,11747029503.580286,12070351340.761097,12465586738.971373,13675051846.833506,13788991317.50738,13902603782.06987,14411511346.76372,14934949559.720232,14957385071.894865,15352259418.736311,15144060468.76515,15365279783.371487,15505971277.825645,15502896836.333733,15624258629.759403
1,2,0.05,29009,11443551606.706017,11654676351.697117,12082296675.463856,12708589072.831598,13694138438.731836,14059289672.66579,14259302083.33842,14443986701.974255,15768015530.123116,15541611161.88081,14954440099.49503,15003478510.693445,14638709689.63085,15097340089.853561,15215401304.132303,14851172007.476856,17424665705.143635
2,2,0.05,25789,12948833161.790949,13196933630.049599,13444694330.713549,13772672559.679235,13969625486.267254,14245489064.521694,14020861375.038904,14199546189.603113,14550346659.836098,14259894300.857553,11016980275.120403,10878205110.919495,10418001319.855194,10869317047.89141,10917046268.998339,10897754121.131704,10782196894.80901
3,2,0.05,25097,11226354158.401882,11423534256.826057,12127095159.176746,15050008095.638775,15555780014.403786,16060321798.576582,15859501547.507668,16195757002.839725,16449962846.164156,16892753450.957176,17118414778.640438,17391705545.29745,17522260367.348,17710157558.685696,17648837764.782,17688792676.94179,17284193096.091976
4,2,0.05,24672,10440999232.035501,10796500484.95294,12245377509.211096,13209723127.993977,13510297745.2132,13793339273.424982,13938547837.551624,14732479997.730797,14843139893.337713,14831341323.58286,14398496539.251856,14160428291.87276,13844058403.228916,14023396829.732487,14115031551.079515,14260880847.932241,14240552452.493788
5,2,0.05,24275,14288107348.190891,14680599495.079607,14789729777.739874,14800670861.217892,14799631912.102745,14904638395.193377,15212691963.92816,14978393159.761822,14962375434.807251,15155476556.003944,14865201101.40505,14606815343.894455,14169473575.139153,14435392698.058073,14681713244.784254,14604510083.407032,14624859265.078691
6,2,0.05,18556,12057273403.153965,12382298729.505457,12903482805.274292,13642574146.041212,13831854159.654245,13938776901.40148,13999476662.912,14420320060.88092,15197966316.649076,15584630843.266945,15392064413.288992,15404380778.423067,14827751341.686443,14681628036.078808,14540546364.40219,14413623085.65571,13510875086.67297
7,2,0.05,18537,11351640849.24551,11946583796.304726,12607192821.288033,13481265700.213388,13520054040.949604,13265500768.258337,13379621900.065933,13485824251.988724,13733343785.135815,14108533457.497223,14260779531.359861,14540099792.984596,15592490922.686901,16206849352.493374,16396895427.770145,16579512974.804878,16293342181.385878
8,2,0.05,9411,11938832288.635199,11981879317.439667,12512057864.006584,12852418700.115381,12323171360.87645,12726482966.976793,12903586179.795443,13249217239.480356,13942298797.098919,15677490199.06602,15852944007.867947,15947849978.29196,15601306255.28094,14881663305.23781,14900946266.698164,17073227287.899632,17061619422.897772
9,2,0.05,7552,9259049228.556782,9613555685.93838,9933039346.750122,10527268484.394741,10958872501.970621,12325210825.338522,11564545191.579374,15595057000.907217,16187800099.986275,16522797616.293192,16523076958.550953,16298769116.622658,16328921721.102394,17089488020.91251,17379126786.862526,17460021417.76128,17406245151.338837
0,2,0.1,32466,10320407664.684893,10881974423.707857,11289944268.934153,11913040280.719608,12754535939.69108,13278937410.503899,13804162842.723557,13997494156.710562,14305805182.88563,14276345169.680386,14669824960.735386,15157931770.19416,14620454411.125265,15516828880.372158,15921966080.82244,16071702358.92261,18898958390.633545
1,2,0.1,31290,12555335154.64673,12514911618.70407,13151808948.287159,13668683706.78713,13793720882.306992,13878856431.259146,14272499897.818214,14268233240.629318,14395048316.552042,14534421086.99887,15009446997.204973,15247876205.080547,14511701907.901543,15183686852.3954,14989321803.440714,14536028374.607533,13882684060.785069
2,2,0.1,26040,12508807176.23959,12861866691.673197,13106737729.547813,13845377448.945051,14209193225.51596,14604521428.362133,14761129295.02836,14884963262.181772,15437477391.304743,16108161608.839098,16536543487.767635,16777851595.421322,15860800438.62822,15493402495.50116,15444750675.098745,15352533567.43177,14805104210.98458
3,2,0.1,25535,10360692751.255922,10927853152.39051,11816667735.353788,12776857804.728365,13118588737.158117,13641679086.35231,13871183063.81514,14090581178.234415,14566910307.314808,15547620038.183012,15556120474.873344,15666367680.874186,15027973115.733532,15501792692.856974,15654947675.979826,17671479296.317497,17419271720.115555
4,2,0.1,23967,13142904964.597017,13689892776.93521,14941188389.435007,15723780264.029963,16347128783.815052,16625704949.510262,16331324239.17906,16532569343.434803,16737573933.603188,16104742077.361456,13322508691.94911,12831573508.758694,12186005490.873981,12360350244.129545,12382571051.080112,12369737540.263117,12284146041.092443
5,2,0.1,23753,10261081734.082308,10385260558.596462,10731244847.456947,11560339803.010403,11827081850.302292,12335153403.724503,12306393069.053505,12416828971.754374,12507983404.494324,12956910793.20736,13482568983.7102,13737602190.769049,13316378579.245918,14842485896.22987,14859899352.065886,14678148317.7127,14645514870.82561
6,2,0.1,16420,5199449295.337052,5200259157.624831,5212752919.60587,5403242478.902164,5619029740.313141,5641157915.324123,5630777672.785928,5380496580.941778,5572010185.73816,5648988258.022614,5784441844.451204,5780039492.303827,5414578312.623024,5502002324.247364,5521300507.970733,5441104464.178367,5295703803.234552
7,2,0.1,14315,21870283897.137753,23000013481.317215,23923845290.61218,24737283686.35833,25364346488.660324,25309584375.03551,25253297577.31449,25341946401.078686,25555216232.21997,25615085640.606518,25179744911.49122,24643994797.91092,23796676272.663982,24509594457.11059,24598908249.842503,23973993118.962116,23189488323.998398
8,2,0.1,12150,8351166788.381854,8557457776.574194,9089723512.329113,10441997971.933393,10431259628.259926,10724510576.231316,10848101944.82503,15781133318.409243,16868278603.739986,17984652046.573406,18310423397.411842,18701669752.438934,17907738615.5946,18364831062.92384,18560707550.292576,19139297096.100044,17994595075.510323
9,2,0.1,6316,9050847474.230295,9553909123.85461,9842621567.957174,10543339552.529793,10935700418.150972,11308671500.41473,11379638182.067999,11455234451.517025,11639018438.211494,13225294048.230482,13055318879.197897,13064411016.39241,19204360726.29634,21908824934.031208,22506267567.480324,22611480137.9852,22527830019.9747
0,2,0.25,24967,7787647307.948178,8224006657.320927,9243784770.59083,13329291307.773499,13072867598.038395,12842412664.174946,12421435504.896427,13168776682.96848,14444665212.915846,15370904008.389572,15856157545.08231,16062144238.969849,13634742475.148388,15451414989.380896,15340000106.189785,15732652126.44865,15832700314.051289
1,2,0.25,24668,9792774078.685667,10469255115.638556,11313157025.24195,12596619338.446194,13531735959.795862,13888368918.59422,13247137706.225136,13740600574.12342,13813300489.429852,12414114895.535904,10459399139.64923,10650584182.14008,9246387422.400293,10766539199.152729,11750449059.896734,12434519396.510103,12327516315.930082
2,2,0.25,23473,13143327271.373827,13165814058.228785,13378167043.669212,14478098837.031399,15337000666.70523,15953721447.579357,15923229182.367205,15833704526.711672,14776555496.856926,15282329345.867443,15624528963.531467,15731266092.546164,13756039891.483889,15394139422.47089,16531086328.401571,15705331564.986597,15145949140.7068
3,2,0.25,23065,6359457911.224669,6537954100.339293,7070857833.610363,7182719250.221558,7353075424.302575,7565338752.995805,7565376686.083986,12739326559.909212,14752055532.162725,17388725495.08269,18128717150.120872,18034592276.1009,16931750562.269712,18116530060.9916,18755337315.365948,20157977230.20623,20439293308.428505
4,2,0.25,22194,8499427930.798858,8715588545.1312,9486340121.066568,10662016751.917025,10804427674.123169,11482777018.657104,11326331117.310007,11753126733.390118,12185989790.933666,13249411853.136719,13711672623.77986,14610727500.109049,13751314393.800888,15983805659.318628,16230483101.23525,16781821443.281395,16305555862.277704
5,2,0.25,21915,10737949192.715006,10946937573.97741,11783345615.600039,13273867658.855972,13369129773.170288,13295223737.022726,12749469347.088873,13328681723.60224,14370444358.046144,16065143002.61778,17176394429.41427,17334430965.153576,15231338801.381933,16030918028.81252,16759372300.423832,16364770053.867392,16018828397.046225
6,2,0.25,21071,8877214632.28506,9898497232.589508,10297068376.481304,11078715888.182383,11401603880.193796,11623566904.332354,11692541787.986042,12327888011.784832,14774393625.28119,16500412888.767637,16375868810.532791,16558586880.48052,14422049521.620157,15650420820.35372,16484147248.82323,15807261191.145325,14437094316.643705
7,2,0.25,18580,9616055012.525795,10137428115.453804,10522697482.4184,11596930368.92735,12090613244.894407,12381173869.259914,12421719013.784378,12824497889.370077,13440828792.648191,14361594948.896187,15186540809.800112,15747282549.541615,13986350003.554987,15396600686.067421,16169054039.61765,16360434327.420753,16529640750.444592
8,2,0.25,17283,8034442621.957883,8787449657.938244,9502934534.978607,10256747947.434378,10885002480.023504,11384380254.813576,11303763936.718985,12118018600.41435,14071224883.464182,15374468958.372183,16177672937.594126,16804264710.797382,15501135129.270065,16757675143.786158,17158880423.578074,17183223214.213097,16623310326.908129
9,2,0.25,15036,9323244034.179396,9832948116.096436,10024343322.893661,11359936486.908226,12218845266.055431,13191614925.545778,13752946528.934162,14355699619.37368,14739298807.825525,16221483221.2893,15928117819.099833,15762367990.473604,14062144767.54983,14206462007.185818,14561012674.77936,14898877299.23036,14598981045.68146
0,2,0.5,28324,13585084086.712074,14846052847.466494,15691097279.114185,16312200035.786707,16979870911.406916,17300890526.720898,15153686401.093443,15786207473.420393,17687224513.357697,20300352465.163895,19146369890.196884,18260005358.940533,14314274516.34721,16317748670.802917,18794808645.908394,20857140608.12897,19136296114.709087
1,2,0.5,27170,10308870174.509201,11176830971.407711,12562786178.96099,15388109548.838396,14804395784.4943,15177518530.405882,17255618203.228245,18049422230.482594,17994138899.6633,20046309272.438976,21928224893.373722,23078697732.88125,17929785374.76675,20278984561.493916,21843894800.78819,23591950592.2442,22413703223.761642
2,2,0.5,25032,12295719573.833479,14479000778.576136,16117620097.58626,22549422912.577015,20566233955.43176,17965655221.79699,14644135656.503668,15982035572.236134,17317330276.898376,18545561296.125996,18401500981.38466,18702048583.019516,14896157057.99567,16244575177.04396,17776264784.18048,20161245100.559982,20530535627.02764
3,2,0.5,21664,12023007141.52743,13190158600.528217,12207167084.920208,15446346789.318497,15301033086.099472,14944664766.906193,14406347505.55355,15551067555.894028,16306241455.829374,17145101098.568697,17074828310.573,17062859780.237637,13937065588.034958,15827299883.61267,17827442422.71637,16887259066.90972,14227090291.107492
4,2,0.5,21371,12814350005.289846,14289656616.622097,13740383932.529554,16442162750.409634,17718625302.768375,17100388605.715858,13301878544.558561,15113813728.165487,14846652189.754808,12033615383.921663,10957658775.552225,10636020945.656822,9276539317.858536,10757624822.993889,11727902431.72797,12017223944.953167,12570902049.046207
5,2,0.5,21059,9402532196.059168,9052854786.518108,7767004564.081484,8758743411.043251,8467318511.350262,8413107849.015654,8141714759.943349,12660857043.975817,17901011055.41414,26407546813.989433,28471219018.208504,29352652152.206825,27053459843.35353,30225047509.9124,31818861949.20699,36462400517.862564,36994071470.405495
6,2,0.5,18310,22231744814.69614,23200165268.728016,23995356680.60583,26968140891.384163,29191336469.080433,27516661442.957302,29508952674.2451,19451268666.762337,16189015027.741266,18151877066.35139,18079469113.271545,17674829079.863358,13707493699.922531,17414067694.512863,19466602009.39162,18568871923.670185,20571295731.178673
7,2,0.5,18067,13247498342.234825,13842187716.487309,13881375295.148764,16812384721.435402,17563448340.336727,17143168298.312336,17060960113.029432,15218523134.368189,15872132958.922873,18198824891.486313,18707062335.617905,19536307410.964558,15884764296.647669,18156730837.285973,19295056183.16891,21910062130.62163,21735523340.558468
8,2,0.5,17167,12397650294.315353,12804369078.246172,13821033518.953365,15545080598.714476,16245205950.013128,16806426253.605532,17037219030.161373,17355083084.242817,16313840482.095455,17874341878.840378,19688144673.65944,21116485671.946663,19328271850.22683,20728370480.48842,21918346154.78515,22424617316.007614,23507973845.927036
9,2,0.5,14088,10149035733.16004,10975031104.218042,11419100461.609827,13316942956.566671,12693523972.827648,13595404859.031698,14584527945.244978,16359753602.894121,18619992784.490414,20647413490.05481,21499273905.965034,25104706304.127445,18492168910.826534,20884027501.263145,24301320724.83057,24281860250.889053,20260564558.569233
